5.700220	-2.958825
0.541278	0.991504
2.014091	1.707535
7.576521	-1.554922
6.893352	-1.640228
8.070000	-1.631099
5.388213	-1.882353
0.434707	2.014110
5.703699	-2.804424
6.477662	-2.057424
-0.925731	1.623943
6.577610	-0.398182
0.535812	2.496100
1.156778	3.153246
0.922405	1.468700
6.484238	-3.724795
5.627769	-1.709968
1.555350	2.960063
1.116839	2.172149
6.795866	-2.812886
4.958073	-3.049692
-0.258909	1.264584
-1.028446	2.795500
5.881181	-4.284806
-1.160331	2.154098
0.288501	2.271158
-1.395253	1.264804
-0.857424	0.989643
5.292210	0.404078
6.412413	-2.639371
5.734491	-2.444788
6.080424	-4.523937
0.987556	2.981107
5.681259	-4.089201
1.457872	0.917886
6.707992	-3.412806
6.107897	-1.079745
7.350566	-2.718175
5.870662	-2.244840
-0.049127	3.480014
-1.717311	2.588264
5.397739	-1.514260
7.040882	-1.400500
0.836094	0.568425
1.098967	0.645100
-1.890860	2.247366
4.917101	-2.462509
4.565083	-3.004203
7.297083	-1.553701
-1.301997	1.825734
4.112478	-2.116717
2.388609	4.501456
0.617086	2.739758
5.450994	-4.448945
-0.401127	2.496628
5.717323	-3.243321
6.097949	-1.602631
6.041020	-1.469045
-0.240565	1.381109
5.120713	-3.046173
5.149765	-1.908875
0.138235	-0.136165
-0.168357	2.060673
7.147936	-4.643012
4.934058	-1.688931
0.168149	2.373136
6.484908	-3.643633
6.323621	-1.328008
5.652913	-2.465032
4.805304	-1.725904
6.167959	-1.783952
-0.021364	0.345465
1.241391	3.368922
4.232693	-3.511402
6.765532	-2.793650
7.210840	-0.451917
-2.396915	2.967429
3.138411	-2.111978
-0.162445	3.017875
-2.308782	2.281738
5.913620	-3.163648
-0.817433	3.150997
2.060463	2.341988
5.096976	-3.691552
5.943938	-3.577544
6.156844	-0.380907
5.520338	-2.158429
-1.806024	2.922793
0.247445	2.029989
7.607150	-3.064117
5.829697	-1.559025
7.141377	-2.501520
5.880722	-2.081347
0.471523	3.631592
-0.233710	2.016312
-1.021632	1.777270
-0.467241	2.195658
1.502229	3.171299
6.119587	-1.695429
2.696619	2.276241
0.145684	0.327860
5.137152	-1.457561
6.450602	-3.147610
-0.553925	1.605443
-1.069224	0.817143
1.535550	1.293508
0.072915	1.050524
5.741667	-1.222453
-0.708622	2.458416
1.595123	1.101650
1.628046	1.832341
-1.403346	2.241300
6.534812	-1.073125
5.102319	-2.875996
5.857570	-2.479399
5.483007	-3.092610
-2.464766	1.547340
0.058237	2.974707
1.004970	2.310805
7.499895	-3.407755
5.434270	-2.767088
-0.101529	1.903673
0.421355	3.397229
-0.465980	2.378315
1.923033	5.251839
5.217440	-1.828056
5.452088	-1.873186
4.568569	0.418885
4.145230	-1.436632
-0.005684	2.796550
5.158646	-2.666075
-2.132833	3.027070
-1.907498	0.658654
-3.566226	2.731660
7.752088	-3.289251
-1.875966	2.356762
6.368706	-3.926991
4.229830	-3.459542
6.062988	-1.322734
-1.947534	1.602798
4.211595	-3.418704
6.985374	-2.958987
0.965856	1.793330
1.159170	0.223818
5.827005	-2.202665
1.074746	3.096314
-1.271967	1.128967
4.819490	-0.655440
-0.288954	1.674431
6.505573	-2.334814
6.954393	-2.157981
7.235574	-3.105085
5.146060	-1.956314
6.207759	-0.778067
-0.850665	0.298013
0.249156	2.202485
7.559002	-3.407573
0.164847	2.633667
1.239169	2.675063
2.109194	1.842372
7.518782	-1.458492
-0.031885	2.110189
5.449202	-2.463495
1.780595	1.694155
5.510618	-3.582482
5.869857	-2.256230
-1.595051	3.706735
0.953973	1.169851
6.793597	-1.306622
-1.117289	2.580143
-0.553915	1.180567
5.729312	-0.752407
0.266954	2.078417
0.455573	1.855774
6.616267	-1.806293
-1.455169	2.149335
4.953626	-2.310566
4.172209	-3.178544
-0.561114	2.571181
6.192513	-3.321554
-0.286382	1.207661
-2.431253	0.143416
0.655103	1.454590
4.555272	-3.178159
1.056938	1.931022
0.612473	2.212558
-1.742439	2.787777
1.593805	1.725238
-0.926174	2.717584
1.417847	0.684411
2.137487	1.990457
4.856169	-1.662971
-1.354070	2.901750
6.576528	-1.096317
-0.687187	0.557409
2.739228	2.418312
4.457517	-2.166808
1.775984	0.913374
8.421142	-1.658116
-0.827696	2.251546
6.340861	-2.284957
6.480858	-2.058949
5.139122	-3.658479
-0.361142	3.855245
0.040953	3.299447
1.890316	1.856892
-0.270969	0.841303
6.428798	-1.366635
6.056004	-2.432439
6.914690	-3.630173
6.510241	-0.790496
0.757913	1.795650
1.576219	2.913745
0.439083	2.154445
1.702164	2.551729
1.607267	1.621423
0.997386	0.063573
-1.922271	2.755033
5.871284	-1.302197
2.337099	1.258081
5.644105	-2.033100
-1.890277	3.705780
6.331800	-2.048109
-1.669330	2.062598
-1.155133	1.901337
0.166645	-0.007803
1.394609	1.008817
6.166865	-2.166861
-1.572393	0.844878
-1.999632	3.662482
-0.811036	1.558041
6.036709	-0.127402
4.556798	-2.556898
5.549366	-0.938093
-1.419097	1.719825
-0.289910	1.510210
1.599303	0.957073
6.619465	-1.215678
7.241933	-2.230466
0.475534	4.058457
5.953475	-2.003784
6.621509	-2.055355
6.267572	-2.714309
-1.765182	2.743153
-0.538566	0.531538
0.321238	1.602570
1.520631	2.146534
-0.554862	1.928324
5.880012	-2.769618
5.730733	-1.211022
-2.913957	3.142949
5.661076	-1.655172
6.345927	-2.985863
0.994982	1.901571
5.091543	-1.122246
3.214096	1.370426
6.784288	-2.617691
7.475897	-2.513325
1.268323	3.482182
0.974080	1.361774
1.099377	0.761195
5.099640	-2.412272
0.712784	3.037964
-0.210704	-0.653371
-0.251703	2.054880
5.776735	-1.723219
5.406103	-2.204372
-1.193068	2.476664
7.201137	-0.829994
5.637937	-2.826246
5.398598	-1.696786
0.261665	2.276994
6.790672	-1.815084
7.082074	-2.742691
0.144780	0.848264
-0.561481	0.582442
0.544107	2.471196
0.389759	1.295745
-0.095397	1.340121
7.089263	-1.722325
5.386696	-2.498937
5.611574	0.377611
6.138936	-0.457065
-0.730149	2.905032
-0.187588	1.779635
5.287676	-2.024214
5.261661	-2.148995
7.136646	-3.033006
7.389517	-2.200326
1.476507	-0.292869
-0.068167	2.053459
7.360982	-4.133965
-1.654093	1.967524
0.636078	2.257431
0.595854	3.589447
5.970718	-1.512898
3.754892	2.377543
5.331676	-3.297394
0.302863	1.661988
5.635401	-1.469856
0.972215	0.320071
6.346569	-2.094800
-0.996663	3.201846
5.648984	-2.629427
-2.767997	1.877614
4.390203	-3.716074
5.757036	-2.259726
6.590017	-1.138380
5.637864	-2.952215
-2.174878	1.868841
5.570490	-1.954826
5.283338	-1.036928
0.674076	2.385865
1.079146	1.445113
6.781743	-2.899665
-0.481985	0.229003
1.105932	0.699784
3.813806	-1.965199
-3.100879	0.813368
5.888226	-2.646060
7.534186	-2.920569
5.129581	-1.810586
6.333593	-0.801763
-3.231228	1.257147
6.038037	-3.140776
1.537414	3.563896
-1.630499	2.507919
-2.061167	0.125629
0.892028	2.042276
1.674627	1.078943
-1.122418	0.667757
-0.585812	2.731999
-0.963475	3.905747
7.062693	-2.836101
-2.882127	3.020655
0.889714	1.732400
-2.609897	3.500704
4.822249	-0.739390
6.158900	-2.335836
6.686747	-0.319791
-0.743220	1.198109
0.642912	1.573743
-0.610224	0.103184
0.662801	1.407586
-1.836487	4.961256
0.615706	2.744708
0.013345	1.516512
0.117959	0.576325
6.165350	-2.493633
1.350409	2.133402
6.552085	-2.910658
0.765914	2.365268
6.254921	-2.509018
0.560276	2.221614
1.735239	2.281299
2.686876	2.514688
-1.143632	3.529706
0.014634	2.789231
1.891768	1.619459
0.751832	2.568211
8.312623	-2.536883
6.143809	-2.818280
-0.559451	3.727194
-2.018465	0.753218
2.295769	1.683520
0.498827	0.810514
4.389593	-2.672833
3.694172	1.727098
5.797443	-2.074730
5.708998	-3.300137
7.498594	-2.566772
-1.005752	1.553143
6.760181	-1.497553
6.323086	-4.333260
5.817232	-0.764620
-2.264172	2.345972
1.313054	2.280183
7.134157	-1.413929
6.426587	-2.849252
5.360182	-3.104958
7.558987	-0.553826
5.845142	-1.246487
-2.668130	2.121182
5.798527	-2.314588
5.897779	-3.346559
1.094074	1.627267
4.969534	-2.545692
5.852167	-1.408083
2.415522	4.438468
5.763374	-2.464848
1.405881	2.919644
0.934389	1.553470
5.798965	-0.678659
-0.007749	0.985511
1.949647	3.933935
5.446552	-4.273771
5.218304	-1.678374
0.074292	0.826070
-3.225000	3.165499
0.104783	1.952447
-1.704376	1.270182
4.841200	-1.806135
-0.839055	1.921646
-2.038755	2.843332
5.826532	-3.304010
-1.634590	2.735758
1.542708	1.815145
5.253629	-2.100255
5.998106	-0.620618
-0.588499	0.680349
0.161160	2.228103
6.441558	-2.292371
-0.345731	-0.852768
6.538965	-1.232460
3.755257	-0.663558
5.083197	0.253599
5.712731	-2.451183
0.729346	2.082479
1.309147	1.896265
6.820746	-1.701635
6.497053	-1.552129
5.618801	-2.292689
0.417971	0.182940
1.706334	0.765717
5.107019	-4.044838
6.997926	-1.927811
1.792201	1.625478
-3.726147	1.284376
-0.685898	1.664439
5.642611	-0.684521
-2.128006	1.180367
-0.416533	3.532501
2.419290	1.024500
4.555938	-1.124396
1.551273	1.434860
6.452414	-1.551883
5.233784	0.334154
-0.085527	1.329726
6.616718	-1.847816
4.152652	-1.789531
5.572444	-0.936019
6.090622	-0.402864
-2.424231	2.073252
1.204987	1.062681
2.579208	1.826970
7.708727	-0.979291
-0.965676	0.398879
1.758891	0.670956
0.268620	1.273081
0.046058	0.892317
5.175502	-2.395666
1.214174	1.412318
0.026789	1.458691
4.681015	-1.465063
-0.783344	1.436751
1.489240	1.668378
-0.023763	0.843673
-0.006077	2.857648
-1.568888	2.677126
5.827075	-1.110934
-3.268889	4.086696
1.475959	2.375404
4.289965	-2.215387
5.525904	-1.866360
1.019130	0.274513
1.763840	0.360128
5.897947	-4.113072
5.248204	-2.294225
6.446336	-1.059599
7.375776	-1.091830
-1.932475	2.814024
6.409623	-1.946405
0.952343	2.731701
4.300954	-1.807331
0.920084	2.468948
4.324148	-0.312811
6.918327	-3.221689
5.419935	-3.096864
3.382350	-2.574634
5.865571	-2.185911
5.577093	-3.562896
0.415113	1.383061
-0.362110	1.786303
-0.033571	3.470250
-0.046176	2.610828
7.059523	-3.271629
3.162439	1.782782
5.280627	-2.599438
-0.179895	1.253124
7.664767	-1.841030
5.968852	-0.410094
2.443575	1.847212
6.481349	-0.926100
4.088062	-0.209011
6.811425	-0.779775
-1.684039	1.467698
5.038912	-1.009405
-1.023426	2.329660
-1.703434	0.093548
1.306500	3.069529
7.017969	-2.228627
6.055035	0.222228
-0.686431	1.254017
-0.269381	3.097549
0.103576	1.342890
5.916984	-2.392354
7.701548	-0.517475
-1.222836	2.836007
1.696708	-0.534576
6.450555	-2.681410
5.230332	-0.180972
6.224286	-1.067243
1.403856	0.796502
5.976908	-2.439430
3.071289	-2.437782
5.322509	-2.179301
0.820431	1.697841
1.510320	2.459460
5.983621	-0.902162
6.974196	-0.827937
1.303216	1.258757
2.018593	0.357449
1.091874	3.585414
6.566816	-3.027485
-1.404082	3.042966
0.388793	1.699635
0.208351	1.235066
5.084135	-1.054128
0.958376	2.987995
6.888024	-1.609182
-1.149799	0.888786
-1.225099	2.717762
6.161711	-1.240760
-0.270251	2.181912
4.230620	-1.388440
6.426576	-0.793974
5.409086	-2.806441
1.228914	3.555879
6.703150	-2.556388
6.734945	-2.220501
4.646657	-3.189558
6.015177	-2.558777
6.941257	-1.315135
5.288438	-0.375274
0.395534	1.714979
1.492568	2.051538
-0.616545	1.602678
1.695192	2.899425
5.014290	-2.113948
-0.370566	1.748518
1.711718	2.007489
6.789349	-2.391774
6.488458	-2.329118
-2.475739	2.099141
0.371169	1.580960
4.121573	-1.553253
2.351606	1.747526
-1.266193	2.183268
5.691236	-2.184935
-0.873019	2.034099
-3.103066	0.307180
2.074372	1.074350
6.835587	-1.623925
5.217393	-1.713862
1.133576	3.070493
6.030613	-1.487888
1.354429	2.386447
1.637290	2.131522
-0.216557	2.168113
5.519555	-1.477378
2.694211	1.747169
6.714773	-3.031257
-0.173027	2.549601
-1.144614	0.923145
5.535401	-0.519143
0.643870	2.396060
0.914297	0.226422
0.975433	2.427440
6.711337	-3.492821
5.070689	-2.594106
4.989063	-1.583719
-0.293624	2.929333
-4.074430	2.280144
-0.615480	2.301405
5.131704	-1.818154
3.053677	-1.064137
6.673401	-1.002123
0.469577	2.268596
6.446690	-1.316795
6.918364	-2.046497
4.559493	-1.856959
5.778822	-2.061641
7.527400	-1.567058
4.919092	-1.518266
-2.125410	3.151557
6.682621	-1.672603
0.392695	3.668495
7.088582	-3.445894
0.141302	1.588512
1.375777	1.726255
6.768919	-3.724458
5.663125	-1.504691
-2.608543	-0.205636
-0.208555	1.720017
6.704351	-3.843814
0.019255	0.192286
-0.517759	2.952913
0.538356	0.460987
3.937746	-2.171101
6.222833	-1.791744
6.415998	-2.211990
-1.247029	1.769109
6.293725	-1.273657
0.865947	1.542789
-0.186880	1.473538
4.697421	-2.672558
-0.928521	2.474078
2.629339	1.959659
0.338906	0.623053
-0.169608	1.922517
1.676447	1.530248
-1.879814	3.543378
5.130754	-0.201122
1.731436	2.186075
0.543239	3.431553
-0.629776	0.848123
6.360991	-3.362715
-0.576400	4.626881
4.873982	-0.307012
6.592452	-1.770074
0.399477	1.830596
7.404834	0.173157
5.610744	-1.478077
-1.753651	2.658659
-0.324764	2.964294
-0.377040	0.541895
6.217942	-2.628359
-0.402265	1.259882
4.530683	-1.109174
-1.701401	2.150266
1.560306	1.410792
3.194109	2.139205
-2.663160	2.862973
6.044281	-1.947882
0.827110	1.298279
2.417184	3.545225
-1.620860	0.935283
3.327343	-1.739002
-1.625269	2.772999
1.325931	2.260695
4.969401	-0.786833
5.692142	-0.927696
-0.921317	3.933297
7.471489	-1.003869
-1.529668	1.083602
0.061913	2.354412
6.159006	-1.957347
8.069269	-2.778721
3.430499	1.079985
2.154777	2.740075
1.317036	2.775115
-0.201022	0.894193
-1.250543	-0.043101
5.537489	-0.150068
6.538346	-3.901234
6.350705	-1.499964
-0.103438	1.745740
1.056311	2.018417
6.688290	-3.329944
6.796006	-2.671197
5.389809	-1.834761
6.657684	-2.325431
6.304824	0.018933
0.311260	1.324809
-1.227900	1.326217
4.939823	-1.306933
6.400906	-4.043213
-3.342541	0.577694
5.023715	-2.068574
2.477343	3.020874
2.623705	-4.376551
6.888897	-2.321221
1.643754	2.474797
1.919588	2.381915
0.418647	1.498257
0.450102	1.944028
3.983941	-1.187812
8.107079	-2.614800
1.781538	2.401528
5.058565	-1.964144
0.590042	2.045443
6.296341	-2.096595
6.457254	-2.334760
3.793574	-4.058938
-0.410832	1.460424
0.717460	2.755529
6.504973	-1.497532
5.508949	-3.178353
0.304799	1.962838
-1.053265	2.238786
0.657476	1.508326
-0.931609	2.567884
8.216955	-4.651055
7.074883	-2.053941
-0.395732	0.962535
0.138350	2.903218
5.380178	-2.052168
0.355591	2.383895
0.691278	2.252046
-1.232225	2.574876
-0.949294	1.469792
6.825093	-0.956883
6.196579	-2.229487
0.878535	1.391286
6.609744	-1.110481
1.455101	2.547746
-1.472247	0.609410
-0.750298	1.860244
1.803874	3.177109
6.374377	-2.129022
5.232606	-2.356854
6.246037	-2.491298
7.026260	-1.916539
5.307419	-2.382615
0.800022	-0.206685
-0.591589	1.372428
4.991648	-1.341936
-1.285476	3.411444
0.330003	2.293641
2.746173	-2.828188
-4.479059	1.666616
5.961508	-2.088045
1.049248	2.831379
1.864756	2.161665
5.213779	-0.026681
4.098139	-1.581639
0.163027	0.443979
0.585807	2.655116
6.368717	-3.056993
6.350141	-1.065477
6.092852	-1.083088
0.934196	1.753048
-0.057801	2.636947
6.544080	-2.297905
5.909684	-1.791166
6.560383	-1.837654
0.125338	1.826980
0.429124	1.780214
4.561402	-2.203181
2.134739	1.405816
6.726903	-0.762550
0.146518	0.997397
-1.026706	0.490824
-1.281638	1.772327
-1.575546	3.323971
0.664073	2.672952
5.994544	-4.145118
-0.330933	1.592149
5.073182	-2.283143
7.321859	-3.189156
1.318898	0.997597
-0.580092	2.437637
6.820330	-2.675708
7.180156	-2.157087
1.142257	1.550783
4.352136	0.853633
0.872558	1.787000
4.681803	-3.810264
1.579768	3.310979
5.651121	-0.983068
-1.261079	1.226223
3.967296	-1.461894
7.158712	-1.186469
2.203550	2.209312
1.587915	0.363873
0.261909	2.839420
-0.019986	2.459413
-0.236641	1.411488
6.964206	-0.558292
4.713570	-3.935356
4.778223	-3.975839
2.843472	-0.213015
6.813011	-1.891706
6.141300	-2.135933
2.781106	1.801805
5.712004	-4.975653
6.345386	-1.108401
5.592477	-1.464464
0.917746	0.976453
-0.384999	0.662430
-1.885176	2.258857
0.550989	1.051455
-1.031705	0.853353
4.394736	-0.568928
-0.912421	2.855283
2.029184	3.406516
4.173283	-3.301253
1.156025	0.628497
0.005256	1.206130
6.450932	-1.163432
7.607005	-1.776957
-3.732357	1.682808
6.780615	-2.721077
1.374100	2.172093
6.502993	-0.928810
-1.119548	1.571964
2.058684	4.005191
-4.212520	2.801810
4.939357	-1.824251
1.443788	2.323524
5.387559	-2.856876
6.333485	-1.622775
-0.935485	2.367213
5.631326	-1.047375
5.303397	-2.211048
4.885811	-2.949288
6.980230	-2.754950
4.348516	-2.585625
-2.738716	0.762533
-2.237962	2.499400
5.520205	-2.895346
-0.036405	1.629274
2.092099	2.207479
4.353436	-1.969812
0.389828	2.258876
6.443253	-0.413845
5.806723	-1.851403
0.711344	2.068287
4.639386	-1.348686
5.253539	-1.432457
0.147729	3.472299
4.847454	-2.041839
5.571553	-4.756659
-0.453183	2.651008
5.627242	-2.391971
6.160402	-2.719148
5.369677	-2.972572
6.558781	-2.361154
2.873326	1.550979
5.818017	-3.519332
6.246075	-1.848637
-0.016369	-0.738898
4.833606	-3.619523
0.376758	1.895201
-0.428481	1.370625
5.512265	-1.392991
6.584194	-2.510458
6.302135	-2.472773
-0.177259	1.930063
-1.411648	2.610613
5.715174	0.188301
0.310767	1.011729
7.053514	-2.348515
6.828185	-1.815795
7.799081	-2.958759
-0.366771	1.571286
5.323665	-1.353027
5.757240	-0.868838
5.510494	-0.908204
6.746940	-0.717397
-0.547686	1.430761
6.061633	-1.774214
-2.890001	2.071217
-2.357247	1.090123
3.443778	2.296947
5.346924	-1.198484
0.832539	1.092305
-1.081711	2.097982
5.371713	-2.038466
0.834071	2.705220
-0.256220	2.776653
-0.131813	2.130588
7.060940	-3.204407
0.208516	2.968967
-0.278303	2.555268
2.895053	2.072765
0.103626	2.435696
5.585350	-2.094471
-0.671218	0.802934
-2.015101	1.528947
-1.752176	3.575382
5.343110	-0.853805
-1.521472	1.312112
0.177104	2.513938
-1.194452	0.870377
6.565144	-2.946888
-2.743066	2.638280
6.294145	-1.217111
5.693690	-4.018124
5.638712	-3.504062
5.459648	-0.163490
-1.709362	2.252792
5.472901	-2.229393
0.968153	2.685847
4.852087	-2.178314
-0.090836	3.384283
6.198804	-1.598781
5.438303	-1.490564
6.105949	-2.435245
7.952836	-3.251851
1.237468	0.678343
-2.102890	1.217292
5.813836	-1.776617
0.361062	3.093071
-3.135918	2.560666
1.293553	2.140547
-0.086626	0.296267
4.647909	-1.902660
4.831048	-2.125777
7.126975	-1.615030
-0.125398	2.141477
0.867003	3.012895
5.925932	-1.045066
0.248341	3.062989
5.889433	-2.462824
-3.130162	1.244612
-0.351276	2.616257
6.800577	-3.286461
4.775543	-3.341311
-0.206240	2.488170
5.806381	-1.228675
1.792521	2.788597
6.521500	-3.502186
5.297010	-1.759692
-0.302957	1.445097
0.179151	3.025974
4.932732	-1.149572
-1.396735	1.113169
8.789397	0.617941
0.060317	2.996924
1.290635	2.839608
-0.954848	1.399557
4.419661	-2.888077
-1.625792	2.459496
5.196275	-2.388200
0.107713	3.520109
6.053993	-1.643365
1.126460	2.722350
-2.344737	2.026700
1.105760	3.115787
5.211030	-0.535826
-0.433606	3.534440
7.336424	-2.436619
4.083954	-2.340687
-1.824844	3.795365
0.399681	2.666010
7.219641	-1.645486
0.536875	1.875117
7.045934	-0.468295
-0.992232	2.238140
7.876291	-1.332098
6.516706	-1.880301
-0.500409	1.982252
2.344330	3.888706
5.794356	-2.024521
-3.346760	2.242941
0.344714	2.060300
5.443167	-3.263504
-1.030227	2.658090
1.052464	4.587183
1.733753	1.170076
-0.505381	2.489290
5.232391	-2.155638
7.221518	-2.054422
-0.568794	1.801710
0.654247	2.277786
5.610204	-1.897113
6.589568	-1.030552
0.736494	1.974576
6.518132	-1.981536
6.306341	-2.017995
-1.606024	0.940153
6.918881	-2.736517
1.810854	2.924566
5.224494	-1.264084
-2.903483	1.607979
4.650517	-2.091010
6.596250	-2.523029
4.962710	-0.016663
5.587498	-2.538128
2.344639	2.413323
6.445896	-2.588865
4.938094	-2.803057
4.727182	-1.714117
4.740270	-1.298511
2.013638	1.349090
6.026631	-1.865530
1.884436	1.469099
3.091446	1.712382
4.320605	-2.387431
6.435629	-2.883702
-2.070662	1.863983
0.199573	2.629282
0.824875	1.896186
-1.763926	0.416344
1.439107	0.846942
-0.328629	2.908489
2.810306	2.482951
5.333389	-3.275082
-0.577310	2.069814
4.931470	-3.779027
6.205804	-0.697053
6.274622	-0.424453
6.714219	-1.549272
0.025263	0.626292
-0.110772	1.369611
-1.017473	2.122009
0.240310	1.930170
-0.248195	3.873754
3.950701	-2.200780
1.117571	1.817296
7.510522	-1.793926
4.952177	-4.718127
5.984090	-2.645298
-2.244430	2.083617
0.460847	3.427694
6.384960	-3.974386
-0.081367	1.684803
8.408022	-1.346932
-1.944375	0.683615
0.725891	2.997797
5.370320	-2.426731
-1.575151	1.456546
5.834950	0.374920
5.906858	-2.428155
-3.324337	1.712880
-2.738936	0.958713
-3.106355	2.886884
0.039065	1.462083
-1.805644	4.008168
5.460890	-2.427498
5.460781	-3.273566
5.083808	-2.150337
0.573524	1.317926
4.700871	-1.027343
5.644943	-0.280543
2.468997	4.483437
-1.031219	1.190132
5.473249	-2.428423
-0.093602	2.558685
-1.092180	1.254740
-1.640163	1.957672
6.824575	-3.103808
7.030634	-1.985922
5.170258	0.461823
0.096502	2.165762
2.478565	-1.916267
-0.101905	1.424851
5.448544	-1.709780
6.975891	-1.740501
1.615686	1.310596
5.501088	-1.858504
-2.513901	2.086599
-2.660049	2.317264
5.721825	-0.890545
-1.766433	-0.124015
-1.917403	1.971922
7.282335	-3.762653
1.894065	1.652077
5.077095	-2.409378
-3.634850	2.440592
0.108997	1.166182
6.017810	-0.597884
6.600669	-0.478229
6.103985	-1.799909
-0.635628	1.333027
0.727944	3.108034
4.874784	-2.463939
6.220914	-4.247397
-0.372813	0.542649
6.278579	-0.430421
-1.181637	2.133486
5.588781	-1.563855
5.257954	-3.881382
-1.756719	1.662594
5.673307	-0.098783
7.732601	-2.599198
6.268252	-2.989322
5.723581	-2.321153
0.117967	1.835045
-2.543967	1.941380
6.765335	-0.633793
8.115130	-1.264108
-0.212736	0.079998
7.240404	-1.103545
2.518371	0.644714
-0.441004	1.934511
6.215725	-1.604243
5.589841	-3.519572
7.659086	-2.705672
-0.572196	3.291032
5.255116	-3.314127
-0.179628	1.025249
-0.411959	4.281813
-1.465031	2.671381
-1.055719	3.909895
-2.901585	3.154550
4.413456	-1.319749
0.805579	3.931445
-2.073413	1.338096
-0.084455	2.955473
6.666333	-1.982990
1.009650	0.624903
7.545652	-1.644689
5.851041	-1.846998
6.008926	-1.310468
0.890837	1.682879
5.142421	-3.241929
5.835680	-0.967488
5.412710	-2.944935
5.858849	-1.129253
-0.064416	1.502321
7.245101	-2.898732
0.860785	2.535764
6.634405	-2.839533
-0.263415	0.354228
5.694659	-0.543539
5.979480	-1.800325
5.974274	0.202001
7.635889	-1.460117
-1.463083	0.131954
4.095281	-1.150202
8.729266	-1.212300
5.916083	-0.644924
-0.170324	2.704924
4.188091	-3.397466
-2.259497	3.056071
2.206438	3.825875
6.769631	-1.585382
1.192709	2.952710
-2.935540	2.425209
1.890964	1.074457
7.072125	-2.447407
-1.838469	1.323486
2.942281	0.865871
0.045121	2.760014
5.998520	-1.647021
6.942937	-1.124109
7.034938	-2.886686
3.685966	-0.385471
2.364292	2.160514
2.643942	1.569383
0.260921	0.486211
0.231338	0.597220
5.637479	-1.959825
4.128582	-3.438610
6.274017	-1.551204
2.524338	2.523396
-1.512487	1.026002
4.307603	-1.544591
0.753365	0.573370
-1.778768	2.151006
-0.003586	2.603082
-1.168637	2.581126
-0.867555	2.479609
6.770017	-4.864862
-0.465374	2.170916
2.525916	1.051292
6.464821	-3.557739
0.376327	1.656845
-1.662688	1.351717
-2.465837	2.068333
1.896325	2.385075
-0.034203	0.994964
0.092583	0.814531
0.164243	1.114725
2.172680	3.411540
-0.340132	1.658348
4.801711	-2.074197
5.582087	-2.669007
-0.613169	0.962957
-2.635946	2.511795
5.773601	-1.875730
4.181669	-3.454881
0.182120	3.060721
0.251118	2.561949
-0.152354	3.256899
-1.886111	1.325999
2.161930	0.631319
1.403190	3.733843
-2.625493	1.587060
6.425729	-0.966999
-1.293473	1.648448
5.307867	-1.790896
-0.341241	0.866539
-0.315117	2.220717
5.608942	-2.250704
0.860752	3.685696
-0.689778	1.240513
5.605033	-3.115926
5.611411	-1.952319
6.655349	0.052466
5.617592	-2.683564
-0.151864	3.990343
5.886145	-1.153421
4.030002	-3.335232
5.210504	-2.489148
1.083597	1.292139
1.011309	3.315862
-3.271058	0.539755
7.712894	-2.079340
5.744128	-2.609997
4.625896	-1.518885
0.342075	1.406858
6.412833	-1.139668
-0.858435	1.692183
7.987495	-1.742803
-2.656524	2.473941
6.096517	-0.638824
5.329555	-3.094190
3.413887	-2.531782
1.377932	1.399760
6.719705	-3.702502
7.373454	-1.147108
6.725547	-0.969543
7.254505	-1.118508
-1.407925	1.857365
0.555360	2.799060
2.661661	0.120115
1.416769	3.832402
0.131851	1.651806
6.616027	-1.983886
5.659212	-1.255637
5.286862	-1.730539
6.326994	-1.013392
0.719107	2.549436
6.509170	-1.564052
6.668267	-0.789258
5.973078	-3.359902
6.431009	-1.549744
-0.911975	0.512737
1.944287	1.428938
2.783161	2.965342
0.146538	2.622541
-0.769672	2.093728
-2.397960	2.226158
7.484866	-2.925181
6.618561	-2.272455
-1.792151	2.421636
0.310682	2.264543
4.746795	-2.738666
8.068551	-3.363528
6.958735	-4.307645
-0.303784	1.344840
2.831647	-1.755979
6.576980	-0.950397
-0.346429	2.197130
0.315178	3.660759
2.783270	1.341880
6.372106	-0.791528
0.261480	1.882645
6.985097	-2.027166
5.655510	-1.663463
4.234520	-2.993919
5.271102	-2.936635
7.337944	-2.845665
2.343496	2.289498
6.339866	0.082888
0.162356	2.906606
0.907758	2.735231
6.577039	-1.071654
-1.208628	-0.523689
-1.378887	3.817048
4.756332	-2.324507
-0.240630	3.076506
-0.014594	0.916337
4.911537	-1.629812
0.077192	1.994639
-1.292569	1.777463
2.011724	2.623115
6.539954	-1.916483
1.574706	2.880982
3.118363	1.756966
-1.168099	3.187212
1.102660	2.056151
-1.065208	2.015672
5.910035	-2.534258
5.039314	-2.619067
2.323455	2.581089
6.342328	-1.297471
-0.103355	1.337706
6.392966	-2.252389
-1.532193	3.066430
6.300071	-3.613618
5.392039	-2.589013
0.915828	2.981883
6.253789	-2.278662
5.546074	-1.539060
0.879294	2.663204
6.626696	-1.751027
0.242433	0.418596
6.039555	-1.890731
6.568548	-1.319037
5.482047	-2.465476
-0.697061	1.713034
5.291522	-1.130386
1.233292	2.654936
6.058704	-3.801817
-2.544254	1.708798
4.746848	-1.954777
4.580297	-1.780031
5.883650	-1.462414
0.465884	2.891170
0.537055	3.864443
0.943305	0.999537
-1.029220	1.981461
-2.245183	0.871577
4.720124	-2.821717
7.653156	-3.352721
-1.539812	1.395361
4.720916	-1.802044
6.224417	-1.765721
5.893049	-1.856553
3.705475	3.044193
5.720683	-2.098756
0.348539	2.575919
1.349162	1.368086
1.039508	-0.290606
7.438251	-2.906148
4.800847	-2.662125
0.047936	2.069093
-1.221105	1.463682
0.417216	1.374869
3.715145	-1.642968
1.971863	0.350753
6.498185	-0.832178
5.563666	-2.980986
0.889913	2.576117
7.213810	-2.803934
-1.448264	0.372810
5.234005	-0.627575
5.980744	-1.631587
-0.766919	0.784163
-0.234162	2.091814
-2.300415	1.727202
-0.192732	1.102058
-2.651721	1.030073
0.898406	0.076859
-0.569972	3.428758
-1.096329	2.457914
-1.487334	2.682764
7.313902	-1.389028
0.375285	1.739998
7.597325	0.852979
1.437120	3.436470
6.834528	-0.441996
1.039433	0.945299
1.063369	2.539941
-0.194431	3.243041
3.822117	-1.169213
-0.689232	2.537914
6.680549	0.675632
1.105183	1.938182
6.636715	-3.205560
-1.180541	1.999244
6.399997	-1.564241
-0.169435	1.474527
5.335657	-0.935461
4.877339	0.137811
-1.009143	2.641173
8.261382	-3.171068
6.044064	-1.434458
-1.237586	0.514097
0.985822	1.709866
1.884179	1.544547
-0.183003	3.150859
6.620326	-0.942988
6.200555	-1.915668
6.619869	-2.907380
6.008620	-0.783557
-2.406439	3.495291
7.464451	-2.508369
7.510872	-2.433536
0.389966	0.122380
0.673918	1.541331
-0.274129	3.069548
5.455958	-0.231922
6.967678	-2.626448
6.132385	-2.083616
6.077169	-3.124997
7.026439	-1.544998
-1.032647	2.290376
-2.958191	2.198953
0.791913	3.891499
-0.100200	2.119055
5.391960	-1.053651
-0.211143	2.844437
-2.524952	3.246952
0.860955	0.537399
1.460795	0.408730
-1.583625	1.899845
2.664725	2.370841
0.117426	2.962909
-0.088052	2.027636
5.311752	-1.520348
0.563685	1.867536
-2.099864	1.479611
6.562877	-1.338349
7.251267	-1.686104
-2.120163	1.187470
-1.705305	2.079094
5.701904	-2.922915
2.138685	3.295913
0.302104	2.635826
6.222214	-0.688626
5.407522	-2.366251
7.162066	-1.610290
7.863812	-1.281347
6.503367	-4.265767
6.519834	-0.160486
6.989854	0.249238
-0.770630	2.957796
0.740940	1.765534
7.681628	-3.893940
-0.210638	0.120271
4.096625	-2.912491
-0.381603	1.158099
7.020617	-1.979892
-1.581462	0.884628
5.907415	-1.953520
0.921244	3.279045
-1.135479	1.597471
-0.201855	1.818194
-0.687125	1.415110
-1.098465	2.241974
6.331053	0.528228
-2.377764	0.632712
4.789761	-2.172468
5.618905	-2.834796
2.526804	3.584169
5.550603	-3.255626
4.600578	-1.942015
3.006751	0.876843
5.809826	-1.246211
0.598660	2.868512
5.588619	-1.550202
6.909459	-0.887097
-1.618172	3.398797
6.246154	-0.323498
5.100696	-2.091492
-2.769900	1.576402
5.655754	-1.145953
6.013199	-1.855462
5.025822	-3.123875
6.061535	0.599858
6.718514	0.102132
6.114680	-3.293399
5.528195	-1.725555
-2.617324	2.424873
5.290856	-2.079355
4.804076	-3.182451
4.241693	-1.739371
-3.382215	0.866598
5.394785	-2.049166
-0.789475	1.576033
5.837910	-0.816706
5.964230	-3.508908
-1.013575	2.373618
7.029985	-2.429226
6.814409	-2.624461
6.098674	-2.435975
1.230349	1.510353
-1.360436	2.187296
-1.790451	2.620385
7.303990	-2.794081
-1.508792	1.160935
7.537219	-2.075200
1.130033	3.348620
6.234019	-1.664030
-0.409218	3.875574
6.048746	-2.364091
6.648242	-2.227309
5.376479	-2.359444
5.064666	-0.956641
-1.134287	4.344811
0.690106	3.017255
-0.242664	0.140661
5.929032	-1.696542
4.282912	-2.507781
0.116449	2.139567
-1.125951	0.656459
-1.353787	1.304283
6.239704	-3.231925
5.744586	-1.564233
6.151247	-0.668387
5.484810	-1.582455
-2.370983	2.062410
6.154151	-3.110897
0.615419	1.228336
-0.027420	0.497214
2.206988	1.768744
7.115499	-2.405023
6.664378	-0.704998
1.532643	1.637283
4.794222	-2.064623
-0.201869	1.352868
-1.960602	1.366536
0.869354	3.396107
1.002741	2.178841
7.899238	-1.176134
-0.463055	2.219172
1.763950	1.073766
8.438327	-2.646433
-1.335008	1.129645
0.996900	2.336267
3.562199	3.353026
-1.253153	2.211229
0.927369	2.378836
-1.050680	1.007632
1.049388	1.190669
5.052059	-2.688661
5.942507	-1.424084
1.721126	1.942595
6.432069	0.165456
1.725611	0.944668
0.990550	3.463420
6.985736	-1.562206
4.505854	-1.316718
-0.798516	1.500816
4.890683	-3.139926
2.094973	2.496635
7.756788	-2.324777
6.366719	-3.646106
4.182292	-1.834293
6.058504	-1.880951
7.243792	-1.249928
3.214534	-1.694797
7.149648	-2.764635
1.278397	0.730241
-0.328883	1.850904
0.586472	1.502981
4.694410	-1.566933
2.235423	1.026865
6.475245	-2.333256
4.578592	-3.759969
-1.152352	1.662514
5.351575	-1.237102
0.734678	0.483245
0.819905	2.143895
0.656714	1.582538
-0.125103	3.067484
1.664616	3.147729
3.109440	3.682905
-0.048576	2.498075
5.044516	-1.954797
5.791139	-2.645093
5.476807	-1.679012
-1.780784	3.110504
1.075246	2.430449
5.899032	-1.411336
5.687855	-2.880025
0.404960	0.068236
4.494319	-0.230211
2.740617	2.429469
-1.843419	1.849184
0.364819	3.972315
-0.534800	2.075995
5.392940	-1.722235
-0.644091	1.951600
7.263857	-1.265942
2.382932	1.981759
0.645100	2.052249
2.239322	3.528650
-0.345308	0.312642
6.126467	-2.784974
0.206857	1.296648
5.064431	-3.640759
6.028609	-2.212386
5.264469	-1.377016
-0.813330	3.220444
6.880822	-0.381435
1.259972	1.705833
0.214628	2.270181
6.224694	-0.656254
4.907450	-2.180207
-2.034748	1.170161
-2.106626	3.833913
5.134953	-3.345895
2.974161	-1.780868
6.563699	-0.323550
5.867417	-2.963667
0.931795	2.667558
-0.436562	0.121043
2.616810	0.787411
-1.404996	1.496710
2.513705	2.305643
0.509674	2.090280
7.475335	-2.054966
7.126220	-2.562777
1.489231	3.407936
0.683610	1.165667
-0.148879	2.165514
0.349448	3.029873
0.146530	3.197178
4.778218	-3.108834
2.077634	2.212652
5.470666	-1.628793
6.224209	-2.426967
7.911421	-1.394565
5.437032	-2.245235
7.182706	-2.497741
3.965812	-1.882197
6.991252	-2.540258
5.960587	0.093623
6.369759	-4.941841
7.151763	-2.115779
7.456118	-3.357111
-0.327601	1.599807
7.234305	-1.026380
6.252381	-0.870243
4.599334	-1.962515
6.014627	-0.955096
6.882106	-1.255783
7.594887	-1.304974
4.744656	-0.633962
6.769373	-1.290125
-1.225276	2.127817
5.016962	-2.950712
5.063636	-3.677111
4.896272	-2.028117
6.815883	-2.815797
1.159850	2.556705
2.822985	-3.096266
0.443882	2.271715
5.781920	-2.130803
1.166953	1.780656
-2.428109	0.729183
7.336509	-2.987766
6.056052	-2.320377
7.650993	-3.239038
-0.837700	1.477850
5.233345	-2.581740
-1.889239	2.144807
2.502788	0.805407
5.488177	-2.852589
0.660250	2.116356
7.805745	-3.551989
6.389686	-2.985716
0.803159	0.307847
0.806433	0.756752
0.121623	1.695977
5.546519	-3.257562
6.223979	-2.581877
-1.323144	0.688564
6.631116	-1.303732
5.685636	-1.387474
5.548571	-2.316331
6.490516	-2.119156
-0.200076	0.659481
5.279877	-1.291600
1.504644	-0.159600
0.178319	3.051961
4.358199	-2.532404
6.572051	-2.003671
0.499644	2.039348
2.257912	2.158129
-0.958288	2.055227
6.697759	-0.393347
0.603472	1.076463
5.929816	-3.477209
5.021199	-3.313138
1.116308	3.218661
0.126182	3.218640
0.717922	2.297448
2.492808	2.400404
6.239804	-2.883141
-2.757690	2.244167
2.000039	1.042420
0.322495	0.659959
-1.022226	0.341992
-2.041150	1.797830
0.205321	2.248737
-2.523368	3.429587
-2.429606	1.902647
4.950875	-1.162174
0.584951	1.675771
4.943312	-1.746993
1.146198	2.095013
0.096662	2.101648
6.351047	-2.196959
2.054164	0.760491
7.115088	-5.057225
5.166170	-1.926715
1.982576	2.255087
0.894461	2.823618
-0.933494	1.624958
1.632931	2.484496
-1.483213	1.123575
5.867707	-2.200963
0.107146	1.391861
5.556038	-0.277027
6.274651	-4.753492
1.575371	2.611511
2.178135	1.283346
6.585805	-0.624237
5.948487	-1.458104
0.077760	2.329036
5.269614	-2.202226
0.747260	1.559499
-0.326770	1.974159
-1.168169	2.766151
0.485934	3.353037
7.500212	-2.453473
5.594695	-2.822431
5.763172	-3.016562
-1.240276	3.336617
5.823206	-1.968701
-1.759312	3.189542
1.431097	2.136253
5.995264	-3.926331
-0.070676	2.550587
0.869222	2.164884
7.184393	-2.558159
5.590029	-2.611926
6.991706	-3.554459
1.010253	1.511119
5.997502	-2.453449
-1.381826	1.564145
-0.553120	1.529009
5.793392	-3.426617
0.075849	2.257595
7.994125	-3.007003
5.177257	-1.241124
6.171042	-2.111485
0.011760	-0.107275
5.044673	-0.725226
7.548825	0.806080
6.297124	-3.490117
4.218942	-2.047341
-3.366819	-0.063849
-0.721715	2.980561
0.644212	1.815215
5.545239	-0.800258
-0.667451	3.240496
7.371546	-1.955299
6.074379	-2.091577
6.848808	-1.955803
6.797686	-3.329738
0.086334	1.360444
0.764677	1.043372
1.405903	1.624528
5.874168	-4.355122
5.677366	-3.103019
0.639699	3.242191
-1.261512	0.993197
-2.011796	3.284718
-0.937344	1.790927
2.390953	2.435683
5.176259	-1.930786
-2.337869	1.946063
7.036615	-1.423781
5.899301	-0.385967
0.261316	1.552878
5.168577	-3.316953
2.895486	2.747661
4.097154	-0.862598
6.411300	-3.014183
-2.058464	1.091559
1.848864	5.982714
0.277133	2.697778
-2.882900	-0.514067
1.595944	2.250873
0.684494	3.062119
4.696990	-0.852221
6.283197	-2.168738
-1.150096	2.177815
-0.784532	1.567925
-0.311153	1.978367
5.609719	-2.684390
6.897999	-3.973983
5.271409	-3.039970
5.048734	-1.026958
-1.453067	2.750101
6.630932	-2.133273
8.364365	-0.454940
0.785873	3.417533
5.954532	-0.458856
-1.157962	3.040386
-2.258945	1.974567
-1.116583	1.589619
0.111206	1.319349
-0.419419	2.925640
6.163374	-0.241504
-1.183005	2.029266
-3.471267	0.917511
6.318438	-1.617710
1.758127	2.079349
6.577212	-2.243116
6.411650	-2.469598
1.000879	3.070984
3.442187	-1.108926
5.382679	-2.825403
-0.108071	2.415582
1.944027	1.971183
3.942521	-1.491754
-0.078053	0.289921
6.663939	-0.490712
-1.291174	2.904458
5.804028	-2.872081
-3.192387	1.194580
6.749188	-1.285065
0.265822	3.993312
-0.737423	3.721914
0.146157	1.107411
0.453926	1.298812
3.258457	-1.859795
5.871829	-2.304696
5.263777	-4.274924
0.580933	0.782116
2.738008	1.612838
7.652863	-4.435718
6.218508	-3.412147
6.050939	-2.537649
5.999943	-3.288704
-1.075666	2.230238
0.145986	2.581924
7.521513	-2.551955
0.209695	3.266747
6.157807	-1.222057
5.130605	-2.485401
6.511843	-3.219473
-2.602140	-0.152934
8.340766	-2.152841
-0.316540	2.616476
6.976243	-2.250250
-0.057530	2.065549
6.301431	-2.375078
5.793471	-1.961636
5.338629	-2.906418
6.713725	-0.470438
6.892460	-2.586473
6.054987	-1.828908
-2.683446	1.200167
0.238471	2.469587
5.216085	-2.706974
0.560583	1.790745
7.141669	-1.693238
2.065109	2.147512
-1.944891	1.038891
7.778797	-4.989587
0.142651	2.652411
4.471232	-1.409238
5.312537	-1.125411
5.826384	-1.408072
3.016320	2.514905
-2.569536	3.000806
5.985155	-2.320967
7.204032	-3.229212
-1.085523	2.256427
0.010115	3.351204
7.389051	-1.952405
5.293853	-2.508540
7.294500	-3.192932
1.896723	1.419755
0.325323	2.185102
-0.275254	0.945118
6.175819	-1.412372
0.269591	3.955289
0.333346	2.447785
6.840361	-1.237310
-0.002041	2.911151
7.037884	-1.168985
6.009288	-0.228821
6.676821	-2.290073
1.586397	1.056995
-0.477983	1.455290
6.032694	-3.072158
-1.318308	1.946997
-2.625907	0.812296
-0.412185	2.733797
7.297825	-2.175740
4.991954	-2.113969
-0.394693	3.322405
-0.833825	3.295073
4.960443	-2.430795
2.539225	1.411616
6.649696	-1.841923
-0.315144	1.784264
2.210363	3.177890
1.566140	3.681679
-1.335973	1.766123
6.818607	-4.712371
6.016864	-1.711665
1.044690	1.630291
6.295129	-2.495956
5.624714	-2.717046
-1.570098	0.631226
6.138371	-2.402606
6.930929	-1.706715
-0.297175	2.272183
0.904068	2.866550
-1.543140	3.240263
-1.633867	1.965599
-0.974470	1.905501
0.763243	1.931970
6.044625	-1.392574
4.572725	-1.929657
7.113307	-3.933022
-0.667515	1.333057
-0.180656	2.833115
2.176976	2.490478
5.236474	-1.659415
4.764705	-3.286801
-2.191910	2.021991
7.184346	-1.476560
5.675596	-0.820805
6.760612	-2.792614
6.007833	-2.067021
-1.891003	2.558736
3.157549	1.250611
-0.695830	0.929255
1.518868	2.777984
-1.347084	0.385764
-2.424980	2.198611
6.948899	-2.778916
-0.266911	2.400954
7.219427	-0.180818
-0.641703	1.449774
0.088259	1.896898
3.869645	-2.243436
1.142017	4.059549
6.011459	-2.330488
4.747586	-3.128112
7.545989	-2.707551
0.544052	2.218886
1.677984	1.375718
-0.193693	2.216774
-0.080152	3.018303
-1.080271	1.598671
1.945679	3.193921
-0.519342	2.183416
0.442891	1.255937
7.705923	-3.250795
6.612719	-2.246719
-2.161273	0.920400
6.601726	-3.503251
5.548163	0.082745
8.288481	-2.361561
6.567560	-1.866978
0.459631	3.682230
1.514452	0.961818
-1.923104	2.101436
-2.451426	2.246895
7.911641	-2.812310
4.545871	-3.090053
0.367725	1.043035
4.156553	-0.281012
0.869292	2.114571
4.590980	-2.885446
6.440614	-2.875191
-2.607465	0.835799
0.783192	1.272255
0.203098	1.344788
5.616554	-1.799547
8.030842	-2.644566
7.201719	-2.487393
-4.656698	1.930784
1.061420	2.949237
-1.137451	3.007187
6.320198	0.132368
-0.399023	1.062235
-4.015708	1.249355
0.102752	3.875619
6.623136	-1.580406
4.809519	-2.757785
1.460258	2.172498
4.003420	-0.320252
4.513851	-0.352371
5.766424	-3.214067
0.022275	2.669650
4.440025	-1.895280
2.485581	1.733172
-0.558015	3.043059
-0.989593	0.559553
1.202323	0.806788
6.987526	-2.434778
6.246598	-2.852141
1.293928	2.862163
0.260739	1.684808
0.249345	3.503864
-1.059689	0.087030
6.720145	-0.628734
-1.897209	1.798983
7.973908	-1.882438
5.963394	-1.559009
-0.088801	0.949793
0.102684	0.016579
5.491366	-0.407435
2.717404	1.299427
6.158874	-2.665716
2.866792	0.880233
-0.217848	0.822398
-0.413962	0.245462
-0.652414	1.963396
-1.519543	1.962171
1.646478	1.525572
5.667075	-1.614680
2.099938	1.341452
-0.517642	1.567465
2.691580	2.638847
7.320958	-2.711428
6.324605	-2.741291
7.002069	-3.357636
-1.421225	1.707962
-0.454484	2.698959
6.212103	0.927486
5.692434	-2.368789
4.407835	-2.379853
1.033695	1.488525
6.519304	-0.637476
2.350601	2.606466
-1.586135	2.347197
0.417848	2.450438
5.614687	-1.684842
8.512569	-1.620170
6.509066	-2.455081
4.355875	-0.547558
6.297717	-1.970729
8.727826	-2.980110
0.533224	2.520251
0.944633	1.353690
0.278111	2.238068
6.409308	-1.792419
-0.891932	1.191424
6.231492	-3.284021
7.933649	-2.128926
7.036674	-1.997341
7.820261	-2.978914
-1.184899	2.005632
-0.822202	2.188125
5.538944	-1.642401
6.039888	-1.957870
-2.129088	2.942980
5.776339	-0.374785
2.509414	1.938143
5.879081	-2.869140
1.507266	0.532461
1.512866	0.956052
6.274558	-2.792466
5.710553	-1.928589
1.206340	1.700161
6.854125	-2.651919
5.206963	-0.802381
-0.892377	1.664733
0.654169	1.473035
5.500761	-0.491011
4.971588	-1.724135
5.723064	-0.929277
-0.664688	1.265743
-2.587196	3.067622
1.797769	2.081138
1.201346	3.447811
4.983122	-4.202559
-0.001605	1.174873
5.299167	-1.803114
0.843521	2.228946
-1.148418	0.879056
3.662948	-1.842099
0.629793	4.440732
4.490634	-1.699344
-0.893412	2.168111
1.102628	1.569889
0.397831	0.665723
-0.990169	0.820899
7.194457	-1.946085
0.200311	2.481836
-0.572518	0.901315
5.671734	-3.248783
5.645066	-1.787303
-0.817225	2.579196
-2.165525	2.640689
7.117760	-2.848348
6.870461	-2.962894
5.603821	-2.113790
0.557564	2.087725
-2.021999	2.151025
4.570523	-0.358918
5.211852	-1.264875
-0.924878	1.046137
6.956763	-1.616218
-2.044371	2.831184
-3.226708	0.017562
1.493765	0.410004
5.675841	-3.812145
2.852218	0.948188
-0.004932	2.246740
4.313470	-1.615053
6.972512	-1.345227
5.865240	-3.098070
-0.988416	3.839895
5.323017	-1.878503
-0.188291	1.316858
1.627955	1.974121
0.840862	2.135079
5.137312	-2.211349
2.293928	2.339517
-0.544885	1.847179
0.263054	3.097165
6.143468	-2.548201
0.127328	1.437635
0.749010	3.337759
-0.563136	2.143819
-1.218618	1.735193
4.150918	-1.727408
1.258480	1.588682
5.872420	-0.792379
1.692069	3.491507
-2.230816	1.677388
5.985296	-3.024258
1.317027	2.855814
5.528321	-2.733159
3.231563	-1.544738
-1.858630	0.959397
6.603574	-1.860084
7.524253	-2.400397
2.920467	-3.540043
6.853150	-1.057370
-4.087827	3.332088
0.716440	2.477136
-0.561257	0.047279
4.792819	-2.059192
-0.204731	2.655171
-0.285296	2.135993
5.544429	-0.821502
5.454930	-1.863555
2.500858	2.257760
6.666073	-0.865093
5.753291	-1.927818
8.040651	-0.698106
0.442086	2.927617
6.615875	-2.948173
-0.554202	2.790281
6.417617	-2.641447
5.565559	-1.789072
7.119395	-2.366245
-4.000091	1.348596
-1.021931	1.357423
0.707897	1.792785
6.181190	-0.771585
5.472176	-1.656460
6.388751	-2.294364
-1.178467	-0.441420
4.433288	-1.232266
-1.980629	2.529089
1.703879	-0.309649
5.976915	-0.928780
6.162210	-1.447197
6.020459	-2.750132
0.471040	0.388016
0.618804	0.443092
0.466371	0.852764
1.889850	2.325410
5.832462	-2.244858
5.561737	-2.728523
1.752142	1.860066
6.161170	-2.055329
1.284412	2.878685
0.397828	2.411439
1.502732	1.842082
4.675495	-2.685784
-0.579917	1.400124
6.505766	0.653974
4.109128	2.079571
5.377880	-2.564754
0.478589	2.223376
7.764578	-3.477555
-0.638885	1.773206
0.004154	2.237216
5.847584	-2.130469
-0.786200	1.422077
5.912421	-1.851778
4.592291	-3.125604
2.481916	0.926895
-3.040507	2.209625
2.068219	3.087475
-0.618160	2.291151
7.947269	-2.125732
-0.797125	1.990330
0.709776	1.442954
5.440389	-2.360669
0.029413	3.547965
-0.192138	2.067100
7.062609	-2.734059
2.274021	3.376133
4.620841	-2.893692
5.789499	-2.154843
-2.289231	2.098889
3.793436	-2.551201
-0.465797	1.723583
6.394474	-4.385955
-0.938282	1.744839
1.125997	2.695192
6.091544	-0.783161
6.510339	-0.450989
0.571425	2.980387
-2.037381	2.181427
5.443720	-1.784114
-0.319687	1.573335
-0.386188	2.206433
-1.401075	1.697470
7.187501	-1.664932
7.188077	-2.197493
-2.167029	2.882458
1.879985	2.039013
3.585907	-1.782224
-0.227972	0.745766
4.846173	-2.281002
0.306409	1.175594
5.336729	-2.189810
-0.279821	2.736935
6.274797	-1.276248
-0.868342	1.666492
-1.344911	3.489756
5.492302	-2.477853
4.822294	-3.007927
0.404521	1.864295
-1.349296	2.576257
5.900197	-2.458611
3.466868	-1.857146
5.797863	-1.307902
0.647719	2.249039
-0.159410	1.311269
-1.027507	3.152380
5.136184	-0.825510
6.685803	-0.573079
6.582549	-1.109318
6.913973	-2.768385
5.607314	-1.545583
6.161970	-2.485940
5.083292	-1.595110
5.085177	-2.166232
-0.682726	2.400213
5.114707	-0.702099
1.001229	3.037323
6.419575	-2.865848
5.544828	-0.828324
6.086520	-2.547477
0.068390	2.499682
6.097023	-2.198957
5.364398	-2.082306
1.092543	2.276052
1.087481	1.852928
4.864610	-3.577523
6.449651	-1.031190
-1.646979	0.112996
4.805526	-1.732208
-0.977463	0.249140
-0.139698	1.859401
1.408856	1.677098
-1.063463	2.857855
-0.605011	2.385078
1.883274	1.177171
6.341259	-3.306968
5.663727	-0.740361
0.178961	3.010776
6.463708	-2.046789
-0.823354	3.309372
-1.366820	2.534922
5.149219	-1.503039
6.069526	-1.059442
6.874247	0.036411
0.909981	2.830338
-1.117982	1.952216
0.228905	1.129746
8.577648	0.276268
0.336728	2.769600
4.254163	-1.804171
-1.498261	2.392367
4.964016	-4.032702
5.531283	-3.970297
1.462095	1.936888
-1.363777	2.956910
5.509438	-2.335951
0.968604	3.195543
-1.484814	1.325264
1.674575	4.151178
7.168046	-3.085797
1.377234	2.070683
4.456684	-1.551602
-0.173044	2.763129
-1.154513	4.308762
-0.028112	2.477494
5.581339	-2.786215
5.910763	-1.361214
6.021574	0.704868
-0.870861	1.117646
-0.017665	3.320482
8.361516	-1.118475
4.357421	-3.104040
1.133980	1.782045
5.611258	-1.132121
-0.068443	1.187100
6.065690	-0.074069
7.128929	-0.870124
0.261955	0.871051
6.534462	-2.645432
8.097653	-1.666146
7.094276	-1.397110
5.856124	-0.163972
-0.197869	2.484271
5.743410	-2.006541
6.633189	-1.836799
4.315709	-2.213247
-0.701880	1.609898
4.680348	-2.083400
-2.028265	1.492783
5.550044	-2.599596
5.322334	-1.437586
-2.010204	3.300300
6.062302	-3.651766
2.013498	1.612128
0.052395	1.733550
6.910280	-2.311784
4.293407	-3.398187
4.584941	-1.691651
4.749700	-1.828899
1.820834	1.546532
5.203454	-1.819139
1.776337	1.823132
6.821400	-2.566828
8.448894	-1.966814
-1.491270	3.202270
1.959711	1.339413
3.881862	-2.406169
1.724481	2.288409
1.555628	1.379469
4.416877	-4.392276
0.939641	1.989552
1.016456	1.724298
6.060031	-2.409623
0.229260	0.817735
-1.188699	3.205863
6.050801	-1.831452
8.205385	-2.086685
5.398166	-3.244323
-1.231763	3.692010
-0.279601	3.803406
0.433373	1.942309
6.522534	-0.947431
5.883202	-1.001176
6.336683	-1.588583
-0.971811	3.576368
0.896330	2.596813
4.528905	-2.643334
2.371434	2.956776
7.461423	-4.836102
6.775598	0.180828
0.911053	4.575248
-0.248061	1.790228
-0.208786	3.165094
7.328599	-1.153391
4.292813	-0.308788
6.391719	-2.538275
1.027165	0.751941
3.497835	-3.360530
6.347839	-1.700728
-1.107033	3.534319
6.913084	-1.184579
5.890604	-2.054995
7.215350	-1.783101
5.168280	-3.156889
-0.508639	1.684775
-0.061948	2.343082
0.099721	2.101118
5.774312	-4.578385
-1.289447	2.542304
0.515193	2.404809
-0.637642	4.709000
4.408967	-2.674730
6.012235	-2.065491
3.897220	-4.099034
6.380923	-0.230764
6.501988	-2.417618
5.652575	-3.059226
6.657782	-1.807139
-0.246417	2.613633
1.439939	2.435049
-0.871917	1.177696
7.359704	-1.452449
6.931401	-2.435013
0.368005	1.436122
5.307726	-2.149858
6.267238	-2.056487
0.479513	2.510510
1.367011	2.272884
4.246870	-1.167736
6.543393	-2.645956
0.027623	1.622707
5.572062	-1.025566
-1.344730	2.304319
3.490010	1.573096
-2.460547	2.902676
6.376280	-1.069606
5.379912	-2.044036
5.227249	-0.578189
6.719476	-1.099460
6.257830	-2.350141
-0.057817	2.432460
6.805156	-1.664667
0.354036	1.417755
-1.852507	3.113767
4.449152	-2.560797
-1.100726	3.015138
6.795821	-1.542586
-0.774377	3.202018
5.584416	-3.380674
1.747081	2.723895
1.681668	0.493942
6.425755	-0.554232
0.281436	1.537360
1.317432	1.685657
5.469534	-1.299678
1.023138	0.970420
5.295448	-2.072674
4.958471	-1.725741
0.615700	1.885960
0.343500	2.725434
1.451361	3.149786
2.249360	2.275886
-0.035805	2.783934
0.396953	1.279042
1.618784	3.083946
0.086889	1.452782
-2.420351	1.980547
5.792490	-1.329212
5.363784	-2.484545
2.929704	-0.035092
1.653412	2.070864
6.576744	-3.323026
0.154511	0.760834
1.516854	2.046513
0.299174	2.136141
6.351100	-2.581509
7.595916	-0.537836
0.224088	1.195564
-0.594266	1.739214
-1.677782	2.014715
-1.104404	2.990865
5.120367	-4.325846
-1.775739	1.396161
5.142221	-1.456105
6.640230	-1.291873
5.908836	-1.985459
-0.372768	1.983513
-0.489659	1.999875
2.859816	2.213359
6.128878	-0.000878
4.673568	-1.906230
2.702648	1.932277
4.644732	-2.409579
6.549779	-1.434295
-1.277003	1.982357
5.740087	-2.642830
6.587645	-3.086981
1.175516	0.960804
4.159371	-2.018065
6.094234	-1.126266
2.031197	2.466605
-0.371757	1.348591
3.773370	-1.821176
0.953817	1.116308
7.245168	-1.611002
5.832759	-3.097053
0.006668	3.351608
4.490808	-1.288915
-2.250180	1.945226
-1.714843	3.920446
6.775990	-1.113081
-0.720692	2.234242
5.933918	-1.711957
2.876453	1.483193
5.444640	-1.892869
0.262448	3.249107
0.835624	1.434970
-0.118134	2.024018
-1.407322	2.489138
1.680179	2.209347
0.927278	3.161028
6.331770	-2.701740
2.633619	0.137912
6.968279	-1.522877
6.701961	-1.469534
5.703423	-1.537785
-1.223431	3.238832
1.889456	1.774281
6.057003	-1.309366
6.225354	-2.387744
7.994524	-1.851355
6.752122	-1.314607
0.669454	1.006625
-1.007800	0.580301
-0.489608	0.919649
6.460235	-0.529180
6.858788	-0.913770
5.654162	-2.137724
1.134502	1.488863
-0.588760	2.239511
6.906186	-1.385903
1.572974	1.193495
6.848770	-1.809399
-2.013499	3.415416
0.830255	2.458522
2.475020	1.831233
1.338029	0.157552
7.236458	-1.200996
-0.371529	3.987437
6.760554	-2.648494
5.279873	-2.528653
0.038724	2.212119
1.832590	1.932054
1.404601	2.375432
7.416758	-1.633279
4.936320	-2.013461
5.299858	-2.410562
-1.342578	2.655308
5.456052	-1.572854
0.549634	2.052442
3.091750	1.910417
-0.388412	2.571462
7.707830	-0.043390
-0.328735	3.066033
5.012724	-4.085764
6.286466	-0.332067
0.594467	3.171307
0.250099	1.822545
5.854445	-1.893063
1.615790	2.610097
4.875515	-0.669195
0.471888	0.136963
0.051176	3.046265
-0.127577	3.258101
5.516779	-0.940829
6.242808	-3.102469
5.856586	-0.758857
5.622940	-0.762154
5.949714	-3.011644
-0.619114	2.907951
-0.864917	1.167689
5.252101	-1.796252
0.805042	2.152280
5.488876	-1.139013
-2.664984	1.906145
1.700217	2.014789
2.126872	1.727933
5.971443	-0.178869
-2.023413	4.422157
6.500998	-2.057417
-1.627752	1.286804
1.207733	2.125454
5.499463	-3.287311
5.745534	-2.666280
-0.336575	2.386251
0.430417	0.528015
-1.027697	1.132867
5.028757	-1.642584
4.864900	-2.301489
5.920961	-3.374298
-0.431065	1.971046
5.589435	-1.162230
-0.292507	1.040724
-0.986239	1.915991
-0.472527	2.939899
0.546333	3.404306
6.222485	-3.734202
0.241582	2.514992
6.690745	-3.002764
5.565376	-2.621132
0.916222	1.771056
1.594579	2.448571
-1.048423	3.190092
5.389033	-1.934919
-2.561881	0.946947
6.809730	-1.912391
0.999128	1.393150
-0.402890	4.237502
0.565782	3.139138
-1.403986	2.342974
4.465162	-2.160427
5.405849	-4.542658
-0.394070	1.235716
-2.967126	1.057647
-0.974373	3.280267
1.830997	1.486961
5.629353	-0.011125
7.072834	-3.043060
5.420700	-4.017119
5.836115	-1.500247
5.867538	-0.407110
5.179749	-0.447161
7.039816	-2.744767
-1.221119	1.840281
6.988068	-1.568199
1.795293	2.407879
7.572490	-2.460445
0.104748	0.490968
-0.239397	3.440951
6.897927	-0.867403
6.735064	-2.614641
1.714691	2.309617
5.425011	-3.603480
6.113505	-2.754564
6.105764	-1.455499
0.371635	1.233651
1.387591	2.671636
-0.214218	1.556127
5.559185	-1.325776
1.342755	3.606598
-0.390409	0.750705
1.469163	-0.181670
6.256140	-1.548277
0.710376	2.297055
1.152398	2.668009
0.542515	2.284239
6.329073	-1.943763
-0.881260	3.679031
-1.479951	3.844785
-0.104578	0.512405
6.308349	-2.059761
-1.791173	0.503884
-2.064038	2.854246
-0.783189	2.759190
0.470758	2.404254
4.846058	-4.065516
-0.969190	1.490860
5.044876	-1.066209
1.149822	0.927573
6.117587	-1.551311
-0.355681	0.707181
-0.224625	1.871283
0.991307	4.042055
3.837746	-1.794933
6.952182	-1.670965
-1.928308	3.418804
-4.021632	2.207470
6.184864	-2.978335
-0.866423	1.852478
-1.331500	3.586504
6.154862	-1.515819
5.599565	-1.979829
2.133435	2.245658
0.952288	2.639860
-0.209251	1.516208
-3.039410	2.338314
0.224732	1.553828
0.954544	2.520886
4.406655	-2.817589
6.090583	-1.206154
6.962414	-1.703120
-1.738536	-0.246768
-0.589980	2.513683
5.711296	-2.442058
2.085594	1.172131
0.614302	2.761030
2.658014	3.860503
-2.336738	1.790783
6.455101	-1.364463
1.704218	3.131629
7.364960	-1.686915
6.185663	-1.073250
-1.870441	1.326919
-2.505440	0.394361
5.509079	-2.164251
5.494610	-3.003153
-0.300133	2.297822
5.159323	-2.244192
1.963968	0.926680
-0.548834	0.879925
6.884158	-1.368564
-1.432317	3.263352
4.203887	-2.968865
5.709689	-0.643118
-1.384131	2.754790
0.923349	1.994881
7.616494	-0.947232
3.932031	-1.995338
5.540788	-0.066223
7.346716	-2.291649
4.250972	-2.067969
7.163738	-2.655584
-2.110603	0.939408
5.801504	-1.480480
6.426156	-1.742340
0.349436	0.812003
-0.674714	0.917339
1.911218	4.085921
0.453437	3.619890
4.331084	-2.537528
0.870356	2.509495
1.500006	2.508269
7.125764	-2.365900
1.807164	2.458561
1.023252	1.650661
-2.966861	2.462655
6.604033	-2.720777
5.098619	-1.200477
0.939493	2.391774
0.667072	2.581191
5.692164	-2.035947
4.948321	0.713436
5.313295	-0.842133
0.710909	2.099121
-0.894459	0.772709
-0.852040	2.284778
4.129614	-2.962530
1.847438	1.774196
4.691371	-0.830143
-0.830845	3.071467
5.132992	-1.303820
6.493960	-1.039533
-1.043259	2.724439
-1.371734	1.044806
6.821621	-1.754779
-0.998950	0.058903
-1.287779	2.333252
5.336844	-1.441101
4.694611	-1.665630
9.238538	-3.076925
4.815678	-1.431649
6.237999	-1.773064
5.313294	-2.148961
-0.291852	2.202045
-0.831986	2.649599
6.289010	-1.272359
5.644536	-0.548712
0.712067	2.158202
4.906936	-2.765360
0.118740	1.739387
5.775708	1.248922
-2.508261	-0.320631
1.371978	2.064077
6.453142	-0.675309
1.124446	2.411009
4.847931	-3.411502
0.169076	3.323793
5.349730	-3.382227
5.450169	-1.079494
2.362266	1.647020
4.577022	-1.588424
-1.454014	2.075326
6.016866	-1.796036
5.737983	-0.502355
6.623183	-1.433905
5.982577	-2.950956
5.439904	-1.773090
5.874206	-2.458922
5.898270	-3.753060
2.222152	2.130593
6.103402	-2.938860
6.262262	-1.499354
-0.577303	1.778079
1.464436	1.005042
1.239975	2.671941
6.519354	-1.078821
-0.276409	3.165926
6.535966	-1.379363
0.199640	2.112015
0.389256	2.274565
-0.267764	2.907921
-1.722145	1.861288
2.401671	1.842613
6.904443	-1.437828
6.286222	-1.696255
-0.408849	2.298244
5.606512	-3.045037
7.028426	-2.729868
-0.662002	2.062437
-0.784363	0.712055
4.787149	-0.253815
-2.223140	0.659811
4.566472	-1.870076
5.287485	-3.072726
6.016221	-2.564129
-1.131044	2.988158
6.482123	-0.804135
6.580786	-2.772172
7.280725	-3.986890
7.838249	-3.810624
-0.540579	2.391405
-1.557375	3.319670
6.010864	-1.426147
-1.112147	4.036191
0.713798	1.822870
7.568547	-1.524633
4.233029	-2.032661
-1.895245	2.720499
5.916677	-1.878384
7.279460	-2.001616
6.091378	-2.627617
-0.252449	0.261853
2.953966	0.521346
6.776073	-3.392361
-0.953627	1.265162
-2.109587	0.807861
5.042648	0.521939
4.711404	-1.059663
4.889697	-2.555978
5.791148	-0.025597
7.247654	-1.577550
6.677272	-2.557727
6.239176	-2.053352
3.143781	0.345412
1.265789	2.206345
6.831224	-2.013117
-3.856227	4.432790
6.284503	-2.854161
6.554420	-2.788325
0.352888	0.991143
7.600956	-1.128332
-0.392092	3.022722
0.613909	1.554818
-0.743278	1.879093
7.393594	-2.209842
5.511836	-1.257034
-1.446847	2.337107
-0.415744	1.955560
2.820872	1.985878
6.506259	-2.565539
6.421083	-2.202030
-0.064453	2.477784
6.196848	-2.870869
1.280226	1.955412
5.596475	-2.315307
0.867173	1.430481
-1.076752	1.009136
2.311668	3.270197
-3.441274	0.553073
-1.529296	2.058570
4.591082	-2.016354
-1.092677	2.625492
7.576483	-2.421016
5.968319	-1.207233
7.382465	-3.846901
-3.802181	3.159859
6.943275	0.279577
1.122859	1.913157
0.802210	2.727959
4.557056	-3.064317
6.365079	-1.742933
6.752811	-1.354048
-1.393457	2.364506
0.023407	2.334590
1.890789	2.986040
4.014742	-1.945796
6.682612	-2.939652
5.126009	-2.235613
-1.175605	1.778682
1.668689	1.459259
5.307853	-0.080115
4.846455	-1.558233
7.057312	-1.612151
1.565899	2.732859
0.401518	2.849607
2.272297	4.834980
5.984846	-1.887222
5.438613	-3.080284
0.450301	3.768853
0.856253	1.649476
8.673056	-0.011652
6.991951	-1.546820
4.176783	-1.080348
6.676930	-3.882353
-0.634416	0.639352
-0.445215	2.002770
4.049568	3.495888
0.278906	1.833908
-1.619047	1.813393
1.029535	1.774349
6.645547	-1.448882
6.909131	-1.739323
6.781612	-2.761888
6.258291	-2.343955
6.014581	-4.539022
5.721034	-0.914310
6.259338	-0.776070
6.201333	-2.183950
-1.216679	3.030801
5.850504	-3.350659
5.003535	-2.363554
-0.458897	0.899067
5.416211	-2.710236
-1.879570	-0.037163
2.159803	1.779534
1.555749	1.967658
-0.326100	1.194350
0.984069	0.937545
-2.963853	1.492491
7.121373	-2.943156
1.824053	2.465958
5.745974	-2.726053
5.025898	-2.374794
2.086498	0.474440
6.457053	-4.098833
6.866014	-1.710926
6.668518	-1.593166
6.603879	-0.866490
7.005468	-2.096800
0.123222	1.797588
4.538910	-1.875027
6.335747	-1.207590
1.891526	1.148571
-0.063392	3.504508
4.466012	-1.782122
5.988519	-0.885241
-0.331714	0.838244
7.331891	-0.040600
-1.229504	1.158294
7.498828	-0.405701
0.451973	3.400544
4.768795	-0.975882
5.696561	-0.934695
1.344223	2.072996
0.526237	1.496096
4.783858	-4.072913
-3.000656	2.109422
4.494461	-2.097033
5.788115	-1.299376
6.088747	-0.885707
1.466050	2.873367
6.153169	-2.595535
-0.096926	1.850651
6.900574	1.521393
-0.127356	3.379320
4.377590	-3.169965
7.004780	-1.521820
3.697255	-2.713485
0.417121	2.508893
7.094324	-1.509126
7.064655	-1.246518
5.616783	-0.944793
6.994354	-2.969057
6.955891	-2.339521
4.546958	-2.776467
4.676125	-2.043111
6.085043	0.414466
6.294544	-3.185283
5.375252	-1.741432
1.276716	2.254596
0.515956	2.810222
-0.619372	0.917371
6.544207	-0.461798
-1.183182	3.036540
6.045432	-1.724666
4.983933	-3.379572
5.905023	-2.331445
5.961491	-2.099302
5.264470	-0.427423
6.717813	-2.053589
-2.111390	0.261484
1.192259	1.625352
7.349000	-3.169198
2.073131	2.212594
5.040628	-1.901804
7.265088	-3.505965
-0.943440	1.267869
6.462764	-0.558759
4.247157	-0.475684
5.004373	-2.004425
3.997824	-1.634457
8.765931	-2.436277
5.268329	-2.118245
7.199547	-1.438166
1.947953	0.486246
-0.331599	2.169681
6.520586	-0.126498
5.476526	-1.077415
1.828481	2.164348
0.241552	2.790403
6.455846	-2.337187
4.350563	-1.610451
-1.224212	3.260215
0.167899	2.055814
6.500708	-2.108775
0.390281	2.068322
-1.048060	2.524647
7.317257	-3.018014
5.815322	-3.288333
-2.285197	1.847478
-2.894700	1.711821
5.663766	-0.474210
0.489484	1.349502
-2.510412	1.831553
1.766767	2.315979
5.409079	-1.931302
6.219545	-2.007175
0.902551	0.854049
-0.050759	2.219589
6.385748	-0.596624
-0.407272	2.387308
6.439006	-0.350988
5.865289	-1.104625
-1.152967	0.805484
6.473686	-1.659128
7.421695	-1.000160
-0.677592	2.074958
5.641538	-2.030094
7.183658	-1.671456
-1.739274	1.582507
6.306256	-1.279720
8.110729	-1.603697
4.634842	-1.470940
5.749294	-1.705838
6.385673	-2.859618
0.371656	1.298179
-0.357702	0.371786
-0.959543	1.158737
4.120369	0.641631
5.642155	-3.080986
5.878614	-1.440526
6.746986	-0.803575
6.269329	-1.821948
6.431497	-1.994474
-0.783343	2.430976
0.991674	1.907171
2.347693	1.503396
6.675264	-2.992082
0.555520	3.316592
-0.955855	2.067788
5.270739	-1.193045
5.753992	-2.662011
1.912156	2.063048
-1.416183	1.994871
6.257759	-1.270401
-0.022139	2.118277
4.590116	-0.193309
5.506858	-1.992832
0.555745	2.122035
6.940279	-1.148799
0.747369	3.649823
5.513648	-2.935345
4.992290	-1.360695
-2.066696	2.644421
4.666288	-0.759136
0.215752	1.774968
6.729901	-1.783291
6.772226	-2.194679
2.990361	2.705181
-2.416379	2.202272
1.248514	4.083845
-0.979670	2.361322
7.679867	-3.180109
1.332667	1.102755
5.235311	-1.239936
5.226440	-2.016686
0.651076	2.234818
7.331962	-1.132509
0.349188	0.967584
0.584439	1.498900
7.434521	-2.510297
-2.149701	3.518146
0.437801	2.706841
6.991147	-2.060052
0.494796	1.271320
-1.602952	0.718787
6.297631	-3.106822
1.845319	1.766887
4.609820	-0.074868
0.821729	1.972304
6.575792	-4.371941
-0.528284	2.960762
-1.285627	3.296590
6.400500	-1.577865
0.719575	3.812553
5.965751	2.295698
-0.760387	2.448560
5.783348	-2.450367
6.431091	-2.232326
1.729376	0.806425
0.006530	3.051783
5.666141	-2.349911
1.913150	2.575367
5.780353	-3.691162
-0.632364	2.389451
0.605702	2.248189
5.605754	-2.204776
1.110771	2.995872
6.588421	-0.179428
-0.255349	1.354880
6.404327	-0.763460
-1.470341	1.307798
0.034393	2.888233
6.946105	-3.027655
-0.248684	1.126095
4.258121	-2.023957
1.716021	1.479179
5.645144	-2.193282
8.388883	-2.708047
0.073052	1.854396
1.813583	0.674534
4.701864	-1.363210
0.776070	-0.282585
-1.235585	2.828217
7.944821	-1.851817
6.220886	-0.864906
5.716956	-1.955728
5.388277	-3.563811
5.674134	-1.525096
5.958128	-2.292384
7.264785	-0.339989
4.985467	-2.677417
2.320512	3.075203
6.613899	-1.105950
4.656112	-2.872033
6.298444	-3.057288
5.463700	0.835007
-0.632134	0.916978
0.241606	1.349061
0.201246	2.445371
-1.159357	0.173495
-2.286884	0.855763
3.611448	-0.365377
-3.207195	1.898088
-0.931462	3.282994
7.125066	-1.303954
-1.289276	2.580748
0.503201	1.588305
1.541772	1.593465
-1.017127	2.968255
4.528565	-3.834412
-1.286058	4.366568
5.908990	-2.340951
1.500830	0.493912
6.341108	-1.695794
0.132178	0.967639
-2.131320	3.600345
0.503263	2.584837
6.415469	-3.752281
5.819746	-1.472779
1.496680	2.764021
-1.064190	2.113795
6.295603	-2.263361
-0.677546	4.223555
5.314034	-3.069024
6.650764	-0.633011
7.600148	-0.748500
1.862696	3.637305
5.789985	-0.657988
5.396144	-0.450019
5.649253	-2.192424
0.806182	1.652498
5.866408	-3.393938
8.514086	-2.060923
5.575758	-3.357084
-0.012891	2.168043
0.790217	1.596885
-1.168296	1.760254
1.677013	1.677223
1.758567	2.455697
-1.506453	0.446467
-1.710849	2.015276
1.507210	1.965483
7.492206	-0.914665
5.254774	-2.896918
6.668461	-2.036073
-0.589656	2.754942
-0.481709	3.008824
1.065004	1.635867
6.143530	-3.084436
4.957863	-3.479638
8.681703	-1.109514
5.432047	1.690368
4.666913	-4.096559
6.629532	-0.784689
6.281982	-1.204813
1.540205	4.153231
5.714225	-2.103889
1.450463	1.639413
0.288318	2.310539
5.635820	-3.375232
5.112188	-3.046404
-0.903779	1.194245
-0.449539	1.318978
7.255247	-2.004563
1.269520	1.279523
6.857600	-2.224613
1.775797	2.201057
6.323603	-1.722553
0.667839	1.944679
-0.006555	1.926442
7.869223	-2.603813
6.539526	-0.255500
1.243077	3.633563
6.255977	-1.456834
-1.631218	1.975632
5.651818	-3.028179
-1.469292	2.342749
6.105504	-1.185348
1.154362	3.094946
2.754432	2.512228
-1.332534	1.789065
0.052620	1.678194
8.263853	-3.491707
-1.275875	1.735172
6.514579	-2.581478
-2.768912	2.172270
6.100521	-1.575723
0.196456	1.311113
5.786997	-2.190019
-2.396249	0.919432
6.995674	-1.119785
5.720789	-2.621664
5.004801	-0.834118
0.654625	1.442112
7.090051	-2.108630
0.650270	-0.200157
8.071978	-2.755126
6.955940	-1.595831
0.920250	3.856221
5.864002	-2.866786
2.680898	1.328535
4.175765	-0.549453
2.068056	0.119741
5.695046	-2.342166
5.368145	-2.371158
-1.180631	1.118011
1.264186	1.694907
6.886711	-2.752289
-3.224528	1.315488
4.725450	-0.792186
6.740306	-2.070949
5.328026	-3.368119
-3.311207	1.488704
6.576980	-1.904755
-0.631711	2.789658
0.099700	1.409397
6.824838	-2.036864
-0.676077	3.688597
7.361233	-3.976596
0.044053	2.680445
6.921477	-1.457144
-0.128953	-0.833078
-0.687862	1.445565
0.818638	0.676050
5.747461	-2.637138
6.867889	-3.324583
5.252443	-2.591704
1.402095	3.021956
0.341408	2.333263
-0.829115	1.299880
0.028885	1.070137
5.605177	-1.721688
-2.260939	1.766570
1.535864	4.516947
2.694072	1.696385
5.399896	-1.757939
1.532272	2.690043
1.299518	1.873201
0.044119	2.011937
5.395467	-1.893053
-0.216885	1.693625
-2.380075	0.826831
1.185599	2.722107
1.961950	3.622661
4.743685	-2.575064
1.872313	0.557255
6.161225	-0.856723
6.628487	-2.950676
4.048483	-0.827778
0.202102	1.788278
0.238850	1.273424
5.518406	-1.014803
5.764037	-0.210049
5.317156	-2.086481
1.319157	2.555970
-0.288140	1.288117
-1.078353	-0.096009
7.667017	-3.059724
-0.246344	1.374544
5.658501	-2.056843
0.008038	0.541023
5.774615	-1.555057
-0.339175	3.580739
-0.107953	1.563628
6.338409	-2.635297
6.499382	-2.336986
0.550910	1.927739
6.349309	-2.505739
5.509689	-4.599238
-0.014149	2.162302
5.604596	-2.414326
-2.127016	0.911652
0.306415	1.059804
1.435569	3.426956
7.967562	1.009848
-0.960100	1.751913
0.285416	0.466064
0.572166	0.808434
2.402213	3.123692
-0.459951	2.601281
4.007453	-2.334872
-0.094520	2.756649
1.272197	2.136498
3.691789	-1.105027
6.580368	-0.944210
2.127459	2.175144
-2.949788	3.103241
7.872963	-3.026549
6.363636	-1.420991
7.257570	-2.104167
2.841183	2.805317
-0.483568	1.422325
5.657344	-1.734291
5.820619	-0.852655
4.972610	-2.152119
0.802536	3.264372
6.070519	-2.641225
-0.674874	2.277726
-2.798862	1.680103
7.348236	-0.277095
0.100836	2.785212
5.770959	-2.524579
5.854824	-0.567706
2.910953	0.808676
0.158748	1.477474
6.055196	-2.375633
2.780258	2.032259
5.987504	-1.203438
7.388185	-1.676920
5.177371	-1.679042
2.980731	1.613994
6.132822	-3.207763
7.426752	-1.287682
1.268105	2.248586
4.693813	-1.890928
6.776877	-1.766184
-1.560673	2.206667
3.490287	2.795146
1.000046	0.890267
0.683001	4.133158
-0.387091	1.387082
5.365477	-3.043089
0.438944	1.627381
-1.698302	3.711913
-0.362323	2.263581
6.195012	-2.634259
1.318491	2.366035
0.214775	1.693105
-0.100149	2.599237
7.286970	-3.752275
-4.044438	1.952509
0.202731	1.401999
-0.669929	3.030432
4.568755	-1.142949
-0.991397	2.178998
-0.360774	1.065468
4.709954	-3.020457
6.275476	-2.415554
-1.184151	1.217641
5.390626	-2.290048
6.697154	-3.338553
5.721466	-0.243104
5.635721	-3.553306
5.037509	-2.253245
0.788781	2.468952
4.729551	-0.994805
5.544889	-1.520074
0.550139	1.687055
5.426039	-1.138081
8.391534	-1.989351
5.145837	-0.228100
-3.510424	1.559649
-1.302346	0.827825
0.425047	2.796528
6.173610	-3.453494
6.653426	-1.446633
6.073325	-2.190210
1.235288	1.734441
-0.243254	4.488459
-0.490072	2.243436
6.522139	-3.033872
7.139713	-4.314971
5.892982	-2.683460
0.618725	0.730409
1.474855	2.772876
7.336461	-2.025337
6.644861	-3.015294
6.123979	-2.855984
5.791497	-3.520850
6.235784	-2.463445
6.510528	-3.332936
5.609934	-1.947097
1.121597	2.110493
-0.674701	1.362420
-0.056557	1.193076
5.044300	-1.893048
0.490036	1.826133
-2.555772	-0.454924
-1.686530	1.859155
-0.358202	1.683864
4.644473	-1.279228
7.142214	-4.128598
-0.686586	2.798200
5.411463	-1.875176
-1.481338	1.717477
6.348132	-2.206166
-0.645410	3.084097
6.209741	-2.991821
0.422608	0.813996
1.799896	2.921501
5.856597	-1.991878
0.733458	3.297831
0.264270	1.239658
-3.617115	0.775925
5.897969	-2.770135
0.466978	0.778674
-0.472266	2.222759
-0.314422	1.390795
-0.489128	2.124398
5.390591	-2.091389
5.647838	-1.309524
-0.796329	3.168419
6.353228	-0.757328
-0.384328	1.280549
-0.484536	2.857661
0.041771	1.553792
4.935498	-2.307244
5.184487	-4.725731
1.919895	2.316587
7.339490	-0.767286
7.056148	0.017456
5.234702	-2.422497
-1.105555	1.247185
6.691429	-2.932023
7.152838	0.592054
2.732917	3.218389
4.954765	-2.027586
-3.771868	1.348061
1.252589	0.116552
7.168117	-2.973892
6.129175	-2.325695
6.947453	-1.492938
0.212226	2.277917
0.598196	2.302844
4.305907	-1.365746
-0.987226	0.517229
6.464257	-1.031633
-0.624478	3.168783
5.866133	-2.364257
0.724378	1.994877
0.705792	-0.159665
6.259667	-3.897966
6.590529	0.412179
7.394769	0.007230
-2.972897	2.076183
-1.849850	3.574026
5.066823	-0.804944
0.133750	3.577934
-0.245009	2.635538
6.777096	0.689852
-0.019769	4.092090
6.520335	-1.851731
6.283189	-2.321848
-1.175978	1.704153
1.701307	0.589815
5.239636	-3.596877
0.384411	2.035340
5.209619	-1.721630
5.356784	-1.770361
-1.385184	3.095311
6.368155	-1.379207
3.646357	-1.145676
6.205070	-0.298671
-0.419870	2.569666
0.140247	2.024709
-2.061337	1.521233
6.303655	-3.326576
3.601159	-1.095485
5.434736	-3.532365
5.253951	-4.969225
1.265099	2.876715
-0.349893	1.574349
-0.682327	1.614244
-0.145313	2.045166
1.349608	2.659967
-0.543228	2.975682
5.337799	-2.659085
5.370206	-2.158749
5.383420	-1.476190
6.140160	-2.262783
4.192710	-2.271272
3.906193	-0.688035
-0.138189	2.384418
1.435062	2.234413
1.606299	0.786310
0.122535	2.544953
-0.420475	1.975018
4.763936	-1.864420
5.491141	-3.947027
7.087900	-2.716070
2.208625	2.280779
-0.451333	1.944920
8.547139	-1.416856
6.395409	-3.981735
-3.333449	0.525083
5.200665	-1.312470
6.305586	-1.709738
4.854555	-1.551653
0.398730	3.042491
6.417212	-0.396179
6.558707	-1.947980
0.783073	0.266503
0.212663	2.230208
7.001282	-2.155473
6.915620	-1.565235
6.321827	-3.252756
-1.929556	1.571442
1.762407	1.852199
7.360110	-1.979576
-1.777681	2.361284
1.823868	1.698473
2.239341	1.353197
-0.137225	0.457402
-0.604900	0.679218
-1.269038	1.256792
6.611910	-0.702627
-0.668223	4.442971
7.959231	-1.146159
4.809191	-2.137601
7.049823	-2.557889
-2.082906	1.836234
-0.338804	0.671299
-1.543673	2.747170
-0.808573	0.777731
0.620838	1.613475
4.214819	-1.433050
1.537416	3.570296
4.425944	-2.892687
6.178014	-2.820354
3.759239	1.927612
7.758862	-2.720501
5.995532	-2.328441
-1.745684	1.909431
0.703216	2.794264
4.108318	-2.526176
5.042281	-1.058986
5.599904	-0.389111
-1.512245	1.905268
5.103268	-1.990513
4.555759	-2.801022
-3.558475	1.725631
1.418665	2.846724
5.127806	-1.751510
-0.415859	4.323012
6.494128	-1.271652
1.156590	0.652548
0.486226	5.028930
1.358192	5.064308
-1.058439	1.270605
4.649510	-1.415057
6.340968	-1.313780
-1.335204	-0.130706
6.843642	-3.566690
6.277036	-3.030552
4.703579	-1.843778
5.831799	-2.081697
2.476371	2.238821
4.846840	-1.907410
-0.320321	2.671529
6.726091	-1.380089
2.474618	-0.262859
1.242209	1.673809
4.820651	-1.167003
7.382333	-1.189967
6.111903	-2.100391
6.051114	-2.449096
-2.190074	4.210550
0.314010	1.525539
5.467356	-3.372179
6.782583	-0.733759
-0.347761	1.983165
5.177591	-2.371421
-1.578380	2.787458
4.701615	-2.990755
0.915557	1.289104
4.720036	-3.320427
6.903435	-1.296032
6.844159	-1.359412
-1.304132	1.119072
6.425144	-2.845571
-1.584428	0.654135
-0.234532	0.878522
6.133229	0.694534
-0.670274	2.131286
-0.701334	1.661120
4.185169	-2.584821
3.509049	3.666889
4.729088	-1.648518
4.187760	-2.954370
4.004348	-1.721663
0.733442	2.835693
6.438229	-2.368725
4.735084	-3.054287
6.207312	-0.939722
6.885928	-0.596241
2.329445	-1.651690
5.188187	-3.332295
7.611997	-0.764977
0.961244	2.989671
-1.350556	0.786807
0.010309	1.570397
-0.120157	2.816333
0.949381	1.299714
-2.890855	2.245827
5.232610	-2.444170
6.991244	-1.157327
-0.608896	2.636632
5.056129	-0.622473
5.413162	-1.935109
-0.683496	1.896559
-0.650053	1.497857
-1.038597	1.854028
5.803688	-2.560739
5.879720	-0.728425
-0.207271	2.259768
6.239488	-1.167940
6.079626	-0.751681
4.446683	-2.864967
-0.884155	2.303864
6.810072	-2.475563
-0.017390	1.819597
-1.358025	0.014878
-0.941587	1.660310
5.816088	-0.511324
5.404897	-2.596392
-0.065476	1.116466
1.447982	0.845912
5.652192	-1.865292
-1.182553	2.372648
-0.196321	-0.201345
0.110060	0.869296
7.104399	-0.853340
0.279991	2.351591
-1.141937	3.543272
7.017772	-4.237155
5.879875	-4.132340
1.902243	1.256232
6.788773	-4.851210
6.704717	-1.817636
-0.257998	0.753809
1.087302	3.372074
-0.311074	1.593065
-2.575568	1.864263
5.699256	-2.760429
6.408926	-1.464775
5.593996	-0.275981
7.242957	-1.422227
6.854865	-1.191375
6.547734	-1.888769
5.926616	-1.061321
5.648610	-1.779902
5.644774	-1.834013
0.815756	1.353418
-2.935851	1.787013
-1.342830	1.841835
4.765559	-3.860045
8.926433	-4.015383
2.127415	2.011456
5.263493	0.106079
4.869472	-1.288511
0.956160	2.605739
4.810759	-2.772494
5.189894	-2.776035
6.320952	-2.964471
-0.206989	1.899982
0.207269	3.556410
-0.722788	3.745019
-1.488951	3.067593
0.991226	3.352082
6.057850	-3.691274
7.570771	-1.651341
6.543955	-1.522851
4.849729	-3.197456
0.322130	0.946078
-1.173097	1.174268
4.456115	-1.241183
-2.461897	3.004613
5.182695	0.017392
7.649948	-1.260925
7.151153	-1.138580
0.109857	2.483831
4.251605	-0.857534
-0.444435	3.114029
0.116777	1.566060
-0.883518	2.172295
-0.064669	2.481202
1.522602	2.342934
-0.494804	0.021657
1.688714	2.242259
2.532609	2.022128
1.848300	1.529083
-3.015076	2.548540
6.521793	-2.694943
5.911972	-2.430773
5.474866	-3.299418
6.453406	-1.499051
6.098380	-1.718358
5.517411	-4.344997
5.587172	-2.874318
4.312836	-2.445426
0.645860	1.675801
0.660392	0.047441
-1.222920	1.561522
0.944338	3.661659
6.273140	-2.408099
-0.647666	2.289414
1.729153	2.701497
-0.096218	1.724801
-0.704407	1.915086
-0.530446	-0.134170
1.406035	2.427118
2.741890	1.457484
-0.307989	2.662848
2.487191	1.524936
-0.394770	0.011585
0.567252	1.331945
5.567301	-2.399213
0.526923	2.761237
0.434308	3.268478
6.409519	-0.580258
-0.937521	2.491346
-2.465071	2.673263
5.868552	-2.498397
4.909420	-2.630818
6.305752	-1.070658
0.314601	3.935454
4.552380	-3.187387
6.573618	-3.893086
6.375592	-0.337684
5.919114	-3.730120
-0.066993	0.671419
-0.681056	2.889180
4.692916	-2.116720
4.815899	-1.576161
5.765361	-3.679724
-0.199650	2.915989
1.714625	0.499127
-1.410441	1.435417
-0.268824	0.984129
4.875142	-4.173613
-1.153545	3.767154
-0.166130	2.925002
0.074751	1.875512
7.280696	-2.932414
4.354817	-0.925934
5.124395	-2.803250
-0.945613	1.349679
-0.818903	0.867634
0.594056	3.928315
-0.423337	1.946658
5.274376	-0.088185
1.630151	2.799462
-0.524492	1.456341
0.588736	1.453262
0.421607	2.523285
5.739312	-3.204153
-1.262061	0.942451
5.404518	-1.753787
-2.166552	2.462814
5.775405	-1.107437
8.223129	-3.055106
-2.299356	2.456739
-0.326346	1.743072
5.956104	-2.579415
-1.504386	4.305163
-2.793073	0.723724
1.863991	1.236697
1.395065	1.157099
-0.444422	2.441319
1.805646	0.826203
5.631264	-1.615924
7.930354	-3.256084
5.480637	-2.618284
1.580741	3.085561
6.053602	-1.636856
0.203119	2.073534
-0.914660	1.978382
-3.237446	1.229547
5.108636	-2.887103
-0.562736	1.132593
-2.117448	3.082387
5.966273	-1.602622
1.912784	2.657774
-1.114095	1.232349
1.803236	1.891171
1.076976	1.463068
-0.719584	2.271109
6.058317	-0.965641
-3.963289	1.398959
6.561239	-1.946004
0.660922	2.748994
1.349612	1.795793
-1.579627	3.231356
2.185376	2.424632
0.826761	2.665802
5.733441	-0.140609
4.878305	-2.123409
4.368309	-0.805942
0.981968	1.168180
5.066089	-2.588676
6.524379	-2.882070
4.880818	-4.053179
1.332180	1.763861
8.384412	-2.773113
4.950038	-0.699272
-0.633202	1.997751
5.554981	-2.500414
5.559689	-3.610162
4.596821	-2.133765
0.697938	2.987682
5.368624	-2.048431
7.155673	-2.750223
0.829008	1.059380
0.740591	2.635164
-2.073772	3.814253
4.273642	-2.142884
7.018341	-3.415524
5.586964	-1.232485
6.054964	-2.047996
0.009697	2.056402
-0.498252	3.439391
1.556667	2.759385
5.828330	-1.686758
0.324721	2.449755
5.397141	-2.841353
-1.632185	0.270220
3.008519	2.765271
6.498867	-2.188255
4.533128	-3.731682
6.125822	-2.640421
4.682450	-1.418018
7.234957	-2.306288
-0.722594	1.964899
-0.259395	1.217442
-1.397930	2.313426
7.250408	-0.254559
1.498897	2.533900
6.571075	-1.290864
5.369474	-2.021902
-0.523062	1.962066
4.011833	-4.532675
6.778790	-1.638592
-0.358202	4.071610
-1.350609	2.181118
-1.001425	0.230509
6.747127	-1.142373
5.146540	-2.737873
0.875888	2.379916
0.503271	1.583759
-1.158758	2.012569
5.664770	-1.234075
-0.227755	0.824743
5.690230	-3.120593
6.619482	-3.269540
5.488169	-3.554093
-0.703702	3.111204
0.302619	1.831005
7.414421	-1.354872
7.282992	-1.246140
7.225460	-1.494719
-1.161037	2.092190
6.653562	-2.530378
-0.284723	1.926369
0.395898	2.308743
2.148206	1.165397
0.826166	2.533036
5.401446	-3.524491
7.993226	-0.953884
6.556042	-2.274679
0.278161	0.895514
-1.345115	1.618383
2.518179	1.974187
5.941296	-3.362996
-0.770417	1.723092
1.282593	3.196598
0.054244	2.323218
-2.743337	4.240551
5.381854	-2.248029
6.489785	-3.999076
-3.780914	2.839350
2.177440	2.530879
6.276937	-2.710272
-2.702629	3.997652
5.551937	-2.095567
0.474951	2.370613
-0.447623	1.752957
1.376558	0.542317
-0.325024	2.043921
5.017672	0.394853
2.523728	2.401110
-0.182696	0.320759
0.130422	1.352173
0.902813	1.114156
-1.324929	2.087589
5.269532	-3.293262
6.008252	-1.094992
6.970142	-3.563671
-2.462856	2.554174
8.096009	-2.345135
-1.227826	2.923343
0.605025	2.970849
6.455231	-2.246716
6.940822	-2.809927
-0.499522	2.483605
6.653604	-2.871178
4.921857	-1.225479
-1.757496	3.931984
0.690604	2.176612
-0.126638	1.249602
5.815716	-1.468486
7.173745	-1.000433
0.292547	1.434478
-1.794125	1.836611
-1.095123	3.641527
5.355844	-2.135275
0.360314	2.190997
7.843444	-1.302123
5.619051	-2.503180
4.062065	-3.120752
6.079746	-0.356888
6.132011	-0.544041
1.597396	3.475098
6.531876	-0.575228
0.413247	3.072003
0.712884	1.433170
0.987616	1.017402
5.486577	-1.599824
6.914343	-1.887292
5.671779	-2.100233
4.973276	-2.823848
5.343530	-2.769985
1.670870	1.751776
4.113370	-0.314346
6.629948	-2.248819
-1.286129	2.091559
-2.313126	4.648301
-1.173166	1.094777
6.074416	-2.218098
2.195415	1.956625
0.016465	1.618749
-1.321720	1.537377
4.660353	-2.644707
6.736275	-2.468365
-1.409363	1.923252
3.813953	-0.181317
5.970893	-3.208496
-0.940692	1.128778
-0.699182	1.478014
8.093583	-3.048659
-0.176295	1.156921
6.029373	-0.059248
-1.116869	2.734740
0.324538	1.337190
-2.714490	2.348357
0.382591	3.193009
5.709064	-0.306347
5.733639	-3.462513
-0.017359	1.072545
0.088999	2.891914
5.554288	-2.377663
5.011550	-0.801104
5.823919	-1.875319
0.459469	3.254426
7.042861	-1.408408
0.823617	2.533740
-0.474150	1.784710
-1.639691	0.063474
-0.076896	1.614310
2.793677	1.765587
5.143303	-0.491196
1.299013	2.372215
-2.835036	2.773661
4.777186	-2.715062
5.616750	-4.705861
6.597925	-2.786215
5.667854	-3.001874
-2.271097	2.056014
6.385272	-2.236890
1.484371	0.660475
6.671446	-3.852782
5.732210	-0.323738
6.997477	-3.260371
2.181653	2.516792
0.025848	2.288973
7.364774	-3.380469
-2.031054	1.054131
6.680666	-1.300486
-0.670278	1.497791
-1.814447	2.912601
0.295242	2.909407
-1.510687	0.558631
6.155779	-1.383540
5.330498	-1.428754
6.534225	-0.959902
5.406908	-2.416478
6.113510	-2.619426
6.039748	-1.800943
-1.511676	2.594314
0.744367	1.768633
4.134003	-0.044977
5.587070	-3.614894
1.569414	2.565234
-2.143512	3.166624
4.882383	-3.370565
5.822922	-2.017432
0.626766	2.468296
4.670975	-1.533561
-1.988256	1.360458
6.901963	-2.433246
0.929949	0.364396
5.337963	-3.997859
7.001192	-1.957674
6.193418	-1.135092
1.038473	1.208282
5.022681	-2.875512
1.714211	1.301023
0.391397	1.703553
5.623980	-1.519622
5.819333	-2.395217
5.397710	-1.272207
-0.651506	3.209364
1.516065	0.627535
1.928835	1.377270
0.163707	1.734625
1.490373	1.666670
5.845110	0.277308
0.705083	1.581778
-0.927632	3.181427
6.743564	-3.551174
2.048338	4.290752
2.559651	3.992758
7.253639	-1.324573
6.648372	-3.136684
7.420348	-1.453122
2.881500	2.629598
-0.399968	0.435818
-0.410676	1.649887
6.838345	-0.951468
0.159558	2.493505
6.507480	-3.745696
5.102562	-0.782983
5.913553	-1.589084
5.297294	-3.361849
-0.686965	2.699023
-1.552082	1.481298
6.431504	-1.526083
4.028282	3.366836
6.572101	-1.622703
7.091599	-2.893875
0.176170	1.339292
-1.347033	2.793475
-1.172503	2.157607
5.759435	-2.710223
5.015421	-0.028797
6.816090	-0.673851
-1.684859	2.453964
-4.053171	4.125498
1.599673	2.351817
0.708371	2.652285
-1.536549	2.652015
5.057411	-1.202249
0.119505	1.088662
4.018085	-2.533945
3.982541	-3.347145
0.404678	1.593399
-1.922893	1.774390
-0.913996	2.735597
-1.565233	2.710609
6.556721	-2.567591
4.932291	-1.623075
7.445722	-4.421115
0.830401	1.817667
5.782933	-3.396725
5.336164	-2.442053
-0.502017	2.886664
6.103605	-0.555956
0.115284	1.486755
5.390417	-1.514885
6.475391	-0.913913
-2.119599	2.120743
0.063152	1.953482
-2.237550	1.854766
0.468733	2.596846
-0.271925	0.858913
-1.676329	2.356844
5.984369	-4.388244
0.072815	0.245889
1.885246	1.860485
6.052699	-3.316363
4.367649	-2.186865
1.453679	2.805996
7.755601	-4.825043
6.680060	-1.234663
5.444235	-0.784256
7.771087	-2.649824
5.284272	-3.239843
7.048137	-1.743933
-0.076800	2.723818
4.693734	-0.722828
5.222461	-1.652312
5.547067	-1.055220
1.505363	1.510915
-0.177187	1.525979
-2.475413	0.993085
0.405348	1.508571
7.248296	-1.258822
6.652754	-1.383949
2.404590	1.346586
-0.209659	2.563642
-1.551535	0.864248
8.077362	-1.723806
2.401317	1.600346
-0.803977	0.502916
6.247456	-3.815922
5.513095	-2.702199
5.480075	-3.205302
5.851324	-3.026819
-2.510234	1.854137
-2.438474	1.942096
-1.241134	1.887490
1.035045	2.329200
5.203285	-1.811830
-0.484523	3.517964
1.328966	2.641200
1.745586	2.938910
0.064588	3.030838
5.587687	-1.410859
6.531114	-1.798158
-3.463010	4.185445
-0.382199	2.132193
5.468757	-1.102031
5.003906	-2.641385
4.726481	-2.150087
-0.324606	3.492004
5.825053	-2.745775
-0.760278	2.212089
-1.063525	0.391846
7.306678	-1.033730
6.879622	-2.130071
0.955926	2.002952
0.001615	3.281495
0.585403	2.740463
-0.079487	2.747275
0.296546	3.231263
-3.481491	2.919915
-2.672293	2.178257
-0.760772	2.580733
5.708577	-2.143882
8.644045	-1.589452
-0.324084	-0.239927
-2.573083	2.511288
-0.079061	3.260605
7.547961	0.053744
-2.232815	2.045032
-1.328180	1.159500
6.277604	-2.463828
6.745223	-2.062399
5.392077	-3.787598
1.023605	3.440384
5.802840	0.291752
2.799864	0.976906
5.936452	-1.297358
7.012280	-2.208503
-1.631251	-1.169872
4.370157	-1.454321
0.513003	3.541367
5.733946	-1.050308
1.261131	1.879831
2.843288	1.591998
0.814285	2.685237
3.068915	1.534877
5.566567	-3.688194
5.770148	-2.329577
0.858375	2.304727
1.028619	1.625085
1.254838	1.013127
-1.361672	1.658884
5.346951	-0.920127
5.538842	-2.949930
-0.362902	0.772089
-1.854720	1.093041
1.944576	2.558076
0.003137	2.507807
7.065256	-1.426180
0.557992	2.825606
6.817192	-1.690167
7.648734	-0.919441
0.478883	3.333576
6.494912	-3.378405
6.080504	-2.781752
5.882876	-4.006985
4.878043	-1.457167
4.951455	-2.376568
-2.237771	2.774579
7.344468	-3.015230
6.987669	-2.967625
0.588444	2.111111
-0.147530	3.007789
5.137123	-1.840985
-0.200154	2.284437
2.446323	1.351475
0.020281	3.022412
6.998967	-1.316545
1.719796	2.627401
-1.708460	2.148992
0.027129	1.574932
0.843148	1.776444
7.235335	-3.355887
1.285423	3.588723
1.399673	2.756406
-0.969473	1.995751
-0.220893	1.867288
4.863859	-2.513182
6.134997	-1.441757
1.411621	1.661006
0.306992	1.868457
1.286462	1.363321
6.936110	-3.288763
-2.767646	2.234342
6.607510	-1.931106
1.912787	2.444985
0.186542	1.675151
5.986961	-4.628625
7.383399	-2.038344
2.628669	0.155261
7.695108	-2.068448
6.246883	-1.791334
6.936412	0.012386
7.236780	-1.419064
-0.209286	2.605529
0.850834	4.188494
5.421306	-1.494496
5.592202	-2.363266
5.274645	-2.396399
4.878173	-2.227548
6.256387	-1.240759
5.587785	-3.790955
0.942920	3.374825
-0.524799	2.887901
-1.299947	1.615649
-1.711394	4.495744
7.655735	-1.462474
0.088258	3.621553
6.047647	-3.103117
1.381851	0.650424
2.196663	2.061116
7.381449	-2.364690
0.555129	3.955741
-0.936165	2.181565
1.292022	0.977084
1.665021	1.798153
-2.485998	2.897362
-2.091722	1.381380
1.617326	0.828336
0.967799	2.506812
7.377926	-1.712540
1.324185	1.460465
0.283234	2.872159
5.577783	-2.090963
5.035457	-3.277518
5.255190	-2.570814
6.151218	-2.393208
-1.338386	2.282720
5.767204	-2.767099
4.851932	-1.172356
-2.474474	2.735327
5.262122	-1.594958
-0.481294	2.047926
4.637207	-1.408824
-0.283196	3.063776
-1.377778	3.796161
7.256588	-0.814064
6.445346	-2.268138
6.679269	-3.502095
6.077544	-1.924401
5.634471	-2.229727
5.296291	-1.006807
1.776667	1.285006
-0.214289	2.866681
-2.751356	2.562522
6.034650	-2.642081
5.635119	-1.311496
6.237293	-0.935535
4.960955	-2.037262
1.906792	1.431222
7.453932	-2.346863
7.900853	-1.972245
2.518575	0.820037
5.544109	-1.781845
5.634735	-2.842048
1.867582	0.965026
5.938150	-2.079174
-0.393994	2.417296
-0.543062	3.057111
5.413119	-1.835180
7.418455	-3.185908
4.625008	0.326197
6.646480	-2.817100
0.508000	1.226988
-0.984814	1.345947
5.459703	-2.837079
-0.446384	2.338911
2.126302	2.083185
6.749895	-4.828727
4.701671	-0.859508
0.064368	3.152113
-0.549201	4.554698
6.627719	-4.458775
0.910647	2.867096
5.145556	-1.613588
-2.133116	2.839268
1.490119	0.423124
-0.338353	3.185300
0.769090	2.060849
2.483063	-0.001240
-3.583073	0.707330
4.630104	-2.703859
5.849489	-2.979085
-0.547327	1.890851
0.489188	2.249804
-0.348813	1.974649
-0.126800	3.089549
7.452707	-3.431425
1.311909	2.317053
-0.972262	2.409220
0.421496	3.774975
0.953326	2.618141
6.920772	-2.554369
2.284140	3.643337
2.494472	1.452119
1.346656	0.586867
5.884468	-2.389039
0.469749	3.481751
-1.056242	2.640569
6.875787	-3.006662
6.389014	-2.021976
7.112408	-1.294928
4.991579	-1.775605
0.972640	3.991570
6.127534	-2.499260
6.290555	-0.666653
-1.270028	1.324395
0.224453	0.905117
5.649255	-2.943224
4.851535	-1.748850
5.892067	-1.586386
0.894129	0.946854
6.041419	-3.423416
-0.231154	0.550151
-0.519395	2.681836
-0.104789	1.772117
0.147724	1.024150
7.190639	-4.027390
7.634096	-4.260579
2.307695	0.539239
7.284533	-3.554281
-0.223705	3.784016
1.022457	0.201184
0.446157	1.670153
5.075104	-2.084594
5.320132	-1.676656
2.627237	1.753982
0.886778	1.611815
1.218780	2.046566
6.355728	-3.109329
-3.045717	2.033718
4.475930	-2.133623
6.567176	-4.048392
6.140320	-2.977783
3.266315	0.989300
-1.512940	3.464459
0.599038	2.101022
5.925952	-0.472837
4.899713	-2.859017
-2.260480	2.307375
-1.098861	0.920087
0.247777	0.527673
0.049946	2.798285
-1.256805	2.073200
-1.608694	1.519642
5.004452	-2.257505
0.961618	1.565438
-2.396249	2.143662
-0.826216	2.348956
4.688492	-1.087638
2.546408	0.992273
1.548716	4.185665
-0.491466	1.529159
5.859096	-2.752133
-2.752215	2.138546
6.410399	-2.865562
6.372030	-2.815253
6.671710	-1.217396
6.369628	-2.305329
4.735840	0.306645
0.350941	1.350630
4.911631	-3.492429
1.201567	2.176547
5.954428	-2.181618
7.217676	-1.870240
5.231576	-1.778663
-1.175273	3.669449
0.856834	0.506576
-1.952571	0.962698
0.846349	0.862198
5.186382	-2.352294
-1.702119	1.336362
-0.315072	2.225141
7.369001	-1.522876
6.538862	-2.758308
6.310982	-1.303019
-1.355765	1.224232
6.950514	-1.997407
7.263717	-0.862895
4.829132	-3.582352
1.039609	1.419812
-1.156009	1.711207
6.560478	-1.387137
6.673798	-2.002113
5.466377	-0.292074
5.461883	-1.498611
0.186152	1.744567
8.109137	-2.792582
5.392799	-0.666333
-1.679639	2.090827
-0.748804	1.978320
4.633238	-1.135153
-0.055955	3.142510
6.067746	-1.859546
4.003622	-0.465094
0.794480	2.576101
6.638743	-2.626687
6.448069	-0.818000
6.615945	-1.757873
0.717133	2.393563
5.063834	-3.568691
7.052283	-0.710542
6.866086	-1.653192
5.996568	-2.393883
7.245132	-1.505480
4.864158	-2.838908
5.606443	-1.084838
0.154940	1.713284
5.858307	-1.345384
7.123150	-2.441473
5.397679	-2.177432
0.633975	2.471049
6.983742	-0.686647
6.526417	-2.111771
-1.152150	3.792637
-0.384260	3.611117
-0.666252	2.045175
-0.331317	1.271948
4.283165	-1.210508
-0.482417	2.115030
5.625685	-2.760125
-1.162950	1.486745
6.040721	-2.736895
5.600094	-2.310951
-2.417097	3.302355
0.723850	2.292597
1.271755	1.305708
0.980532	2.004894
-0.098338	1.450569
5.473440	-2.355268
6.263177	-2.614517
-0.229556	2.849081
2.831147	2.476091
3.214255	-2.289140
5.860706	-1.636589
4.585615	2.694160
6.165323	-3.103184
5.290467	-0.886108
5.343398	-0.655344
-0.348294	1.958311
4.715996	-1.032495
6.064602	-1.486700
5.839822	-1.912343
7.845207	-1.703762
6.520845	-1.156886
6.329707	-1.440619
5.483434	-2.171066
4.838571	-0.756766
7.408915	-1.935392
-0.356181	3.526555
3.160359	1.674566
1.304890	1.223570
-2.159111	2.045648
-1.319877	2.353195
-1.165097	2.955310
6.649563	-1.231827
0.717284	4.195200
0.697994	2.577783
-0.857189	1.623017
-1.969814	2.973588
2.068577	3.347588
4.582378	-1.460492
7.076979	-3.396536
5.883097	-1.943667
1.751640	2.394785
5.423170	-1.241699
4.939664	-2.501785
6.215698	-2.630914
6.355515	-1.651831
6.850051	-1.604984
0.420037	3.363234
6.036295	-1.919340
4.667096	-2.015187
6.713690	-0.843112
6.387989	-2.062810
4.174767	-2.799069
6.196999	-1.881173
0.009633	1.413407
-0.062296	1.709818
4.734729	-2.893262
1.054820	2.571445
6.838444	-1.834471
6.132403	-0.375891
5.928136	-1.647735
-0.980604	1.667517
6.609100	-1.191681
6.330307	-2.868445
3.953278	-0.797592
-0.319973	2.804435
-0.603670	2.279237
0.746242	0.460016
6.289219	-1.312869
-2.243239	1.702951
0.780418	1.185431
-0.176799	2.088017
-1.911298	0.515901
1.558026	2.193928
0.105032	2.131009
-1.155910	2.255550
0.932326	1.370871
6.139766	-2.506626
7.013866	-1.108457
5.748788	-2.284617
1.133318	2.053374
0.478088	2.053218
-0.178823	2.580586
-1.361883	3.408209
6.893696	-0.665291
4.823948	-1.302765
6.735083	-1.213246
-0.278459	2.124326
5.610801	-3.294562
5.559363	-1.955642
7.060178	-2.055347
6.053383	-1.606589
-0.313545	0.347763
0.943715	0.869445
5.448709	-2.746454
0.808875	1.140746
-1.262199	1.921142
5.337339	-4.187689
6.619334	-3.601459
4.479000	-3.814754
7.548956	-1.542557
6.014367	-0.728464
-1.830678	2.779342
5.640734	-2.255883
4.931558	-2.943434
1.531788	1.191770
-0.637710	1.615567
7.606157	-1.653762
7.019298	-2.754485
5.462291	-1.220161
-0.002331	3.607392
6.282284	-1.624067
6.157639	-2.374527
6.269966	-1.341888
-0.560693	1.520558
5.938890	-2.184015
-2.370697	3.540354
5.612113	-1.386051
1.319558	0.894512
1.233124	3.087604
6.965837	-1.249598
4.173110	-1.217817
-1.295790	1.782076
1.338369	1.247142
7.113659	-0.617935
-1.991336	1.314226
0.506350	2.074811
6.315117	-2.550953
0.129599	3.828787
4.957911	-2.781253
-2.330298	2.513702
7.706134	-2.830873
2.694019	0.170650
6.044261	-2.386619
-0.799504	2.286854
-2.029629	1.633009
5.901099	-1.404544
5.266977	-1.579119
0.045108	2.576520
6.840530	-1.404699
-1.463587	2.959723
-0.855839	1.058682
5.885543	-1.500925
-0.325470	3.433114
2.421796	3.106106
-0.274133	2.104221
-0.156142	1.670606
5.301712	-2.058967
4.133770	-1.798352
6.340203	-2.060187
1.820920	0.166646
-0.314287	1.379701
5.972578	-1.174256
5.089731	-0.255379
5.809124	-4.364122
0.881148	-0.373378
6.227810	-0.706608
6.520002	-2.575546
1.435888	2.879958
4.673209	-2.094142
1.076150	0.862287
5.149110	-0.828693
-1.021950	2.318880
6.316902	-2.464789
1.092869	3.564131
6.510958	-4.102037
1.657805	1.143518
-1.095983	2.175119
-2.228838	3.086620
8.555616	-2.313006
2.277758	3.354629
1.070037	2.031003
5.293413	-3.013194
4.244383	-1.943997
5.702631	-2.439151
1.639212	2.338657
0.469416	2.036697
5.626250	-2.359210
-0.408897	3.514623
5.790471	-1.828509
0.985158	2.151036
2.383861	0.176263
4.765301	-0.546772
1.052505	2.505675
6.879046	-1.787562
-0.211040	2.552484
2.236619	1.914307
-0.832603	2.215410
6.560684	-2.923240
6.858041	-1.437807
4.721449	0.549921
-0.179019	1.052158
0.850191	0.529542
-0.146189	1.863406
5.296277	-3.165173
-1.434694	2.129862
-2.777638	4.363185
4.696010	-1.336996
5.014059	-1.911341
1.573704	2.312904
-0.744979	2.563918
7.221410	-0.905901
4.861062	-0.746686
-1.080777	1.559388
-1.106448	1.841172
5.532489	-2.173166
-0.743777	0.499025
6.237541	-1.605169
-0.586930	3.374696
6.184780	-1.201668
5.270751	-2.081693
6.866046	-2.051700
5.871117	-3.317128
7.656757	-3.064907
7.571150	-2.796688
-0.631957	2.567740
5.580998	-1.796088
7.660142	-3.025428
-1.402931	1.736806
0.645244	0.927708
5.217973	-2.068955
-0.770322	2.232477
-0.241715	0.633549
4.613770	-0.640661
1.492702	1.516653
4.783265	-3.088219
6.540083	-3.596609
7.709969	-0.706317
1.105718	2.497512
4.798711	-0.944487
5.889528	-1.815354
0.200552	1.415952
0.337500	3.623873
5.581879	-1.516911
6.299481	-1.562740
-1.059597	3.807660
-0.912096	2.492443
-0.302218	3.025149
5.558966	-3.625434
-1.368241	1.595970
1.279360	1.274552
1.582662	1.954452
5.920186	-1.999257
3.432875	2.222988
5.853779	-1.898221
0.417733	2.654376
6.976585	-1.726358
1.486271	2.014101
1.986714	-0.942645
6.424661	-2.221660
6.905944	-5.062586
6.395159	-2.000097
-1.568422	2.881270
0.080572	2.824930
7.544307	-0.697538
4.165147	-1.078037
6.187824	-2.520550
6.424789	-3.358606
4.467723	-1.635469
0.069226	1.722468
7.150377	-1.729520
-0.348162	1.781286
6.181558	-1.562511
5.300138	-0.794497
1.170624	-0.311383
6.576523	-1.993492
-1.732896	2.807100
1.413648	2.279919
0.763816	2.053590
0.422450	0.972893
0.471657	1.738720
0.356375	0.664989
4.499083	-2.127813
7.146541	-2.317105
2.257877	2.905365
4.771525	-0.782145
3.050853	1.132730
-0.664960	2.416578
7.579047	-4.435764
-0.227828	2.138260
0.413352	1.688632
6.770347	-1.734776
4.810131	-3.235469
5.949643	-2.415091
4.938258	-3.760781
-0.519670	3.480931
1.263567	2.373195
2.106871	3.562744
-0.060412	2.445690
1.163460	0.688815
0.328163	3.821105
3.957657	-2.342058
0.423301	2.024565
6.352855	-2.850721
2.311452	2.876109
1.243174	2.323755
4.288821	1.367479
5.648200	-3.486546
5.031365	-3.078012
4.913683	-1.219439
-0.448212	1.465087
-0.524654	2.144341
-1.891729	2.515588
6.867212	-1.880995
-0.018944	1.734589
-0.093107	1.057643
0.192502	0.929279
-0.604642	1.035509
2.022282	2.654854
0.620625	1.644902
-2.206494	2.481689
4.141522	-1.236535
1.913653	1.025178
-0.688348	2.654475
5.325142	-2.753083
6.162023	-2.361524
0.433278	2.400946
7.824374	-2.059753
-1.106032	4.080538
-0.681384	2.014209
4.827528	-1.164375
5.702037	-2.264644
6.568151	-2.676872
4.867144	-1.656757
-2.790234	-0.003141
1.469262	-0.084872
-2.068757	2.939136
6.715605	-2.492691
6.218177	-1.035243
0.787822	1.160557
6.710740	-2.654422
-0.401687	3.604827
8.434887	-2.605896
5.369483	-2.421475
4.761018	-3.060024
5.369092	-1.863863
0.521273	2.213201
-2.526161	1.426875
-0.736921	2.600404
6.781172	-1.750761
7.503048	-2.015945
6.556925	-2.445867
6.205380	-2.663357
-0.086519	2.649403
6.297222	-1.408221
-0.043982	1.164602
1.033675	3.770734
-0.369805	0.279556
5.380740	-2.903150
0.031866	1.955522
4.863653	0.000789
1.027389	1.627897
7.690933	-1.681545
2.041500	3.303150
5.667495	-0.827263
-0.486190	1.791920
7.333812	-1.194517
0.698977	0.562704
5.708371	-1.293990
6.529295	-1.754142
5.842848	-1.334184
-1.150854	1.472924
6.796844	-1.337723
6.916610	-1.994213
6.081709	-0.888416
1.093828	3.003667
0.732160	2.664408
-1.357539	3.841047
6.183537	-0.674358
4.853387	-2.612488
-1.267621	0.574537
6.845968	-1.579244
5.187255	-2.385224
7.066414	-3.020680
4.316024	-2.934466
0.661541	3.262099
8.072071	-1.962458
4.915044	-1.998104
7.331380	-2.876323
0.700037	1.458788
5.317394	-0.751631
6.309344	-4.107874
-6.076395	0.820994
-1.976525	3.693925
0.638805	1.703735
-0.707193	1.302316
6.753071	-2.237002
6.869476	0.017077
6.408696	-0.592279
7.503892	-2.598885
5.509302	-1.870064
7.318891	-0.415862
0.440164	3.828948
-2.757131	2.296029
6.240919	-2.149714
5.350568	-1.331222
0.203888	0.847978
5.111274	0.236172
0.054259	3.122551
-0.355173	0.902610
5.885091	-2.279199
-0.415614	1.229001
-0.576056	1.225741
5.408707	-2.558555
0.162084	2.670901
3.872824	-1.669414
5.207358	-3.637020
-0.011503	2.911302
5.538774	-1.193077
6.778038	-3.413101
0.633788	0.212961
5.802741	-2.541404
0.721491	0.255390
5.419453	-2.678313
6.606156	-1.231217
2.612688	2.467268
-1.860734	2.031127
6.164672	-1.649382
6.486284	-2.247619
4.749510	-1.576535
-0.849841	2.007070
6.374192	-0.056122
1.512003	2.969438
-2.513389	2.001770
0.726280	1.050108
0.353827	1.887999
1.717702	1.054107
4.049892	-1.251953
-0.315363	4.431374
6.244810	-0.916278
5.427530	-2.632878
1.922684	2.826456
-0.112434	1.818375
5.310127	-0.624666
6.457169	-2.225519
5.711839	-0.527946
5.225410	-3.239396
0.497831	1.213119
-2.227818	3.844735
1.578740	0.354032
4.760122	-4.404200
1.179262	0.860111
5.605956	-3.141127
-2.287151	2.374490
7.113222	-1.618810
-0.035372	1.725933
-0.180976	1.455369
-0.533993	2.334126
6.498236	-3.183452
4.694874	-2.454225
4.709702	-2.432495
0.577374	1.199423
6.119929	-1.636455
6.499286	-1.328898
8.184321	-2.343506
0.495201	1.616134
6.386945	-0.429194
-1.195735	1.221416
-0.801174	2.155717
2.440200	1.887172
8.248247	-2.532212
6.014959	-2.748986
1.689648	1.158760
4.068184	-1.240233
6.350537	-2.029191
4.910273	-0.142874
-0.308760	2.770408
0.116197	2.910705
7.053555	-1.836979
5.752220	-1.826880
0.483971	2.317062
0.621867	3.413789
7.456973	-2.302996
5.008884	-2.305613
4.663779	-1.881776
6.555397	-2.023592
6.483269	-2.780089
-1.164935	1.642220
6.831352	-1.616709
3.428908	-1.234260
-0.843502	1.098413
6.829784	-1.300122
5.074165	-0.033222
5.239771	-1.042203
-0.442891	2.164252
-0.357302	3.341609
7.374662	-3.406158
5.460085	-1.506712
5.542718	-1.507020
-0.370541	0.781471
2.285109	3.072995
6.239009	-3.049304
2.364583	1.340817
-0.693695	1.860350
0.235518	2.157433
7.078945	-2.417790
1.598116	3.032691
-1.057385	2.138015
6.840231	-1.533978
-0.872156	2.373224
4.975334	-1.589626
5.090991	-2.955011
6.831385	-2.515598
7.780400	0.018864
7.315683	-1.686460
-2.257195	1.156910
0.782367	1.435529
1.529389	2.585955
6.554183	-2.563943
-1.391247	0.970361
0.550794	2.202552
1.787212	1.663771
-1.104795	1.367205
-0.917410	2.648157
1.688824	3.141888
0.076120	1.980100
-0.283254	1.285528
1.112941	1.434805
-0.874390	2.395635
0.035006	1.476638
6.257891	-1.914995
6.880208	-0.267514
-0.739022	1.569780
0.002320	1.186220
-0.479270	2.059895
7.241970	-2.784742
6.534646	-1.899528
5.475648	-2.016741
4.652916	-2.581755
1.324459	0.604903
4.601698	-1.551023
1.038309	0.670491
-2.761325	4.674247
-3.423644	0.536005
6.580181	-4.609480
1.846390	2.621297
7.307694	-2.259897
5.198490	-1.072050
7.223441	-2.997022
6.528378	-1.088614
4.615797	-2.525577
6.677662	-2.219539
-1.619399	3.479214
2.675877	0.731845
