3.081489	3.496671
4.846263	4.543184
3.255782	6.512827
-0.986519	1.867812
0.105590	0.528520
4.267738	6.194400
5.381578	4.171800
5.330300	3.727989
2.282681	3.723465
2.260815	-2.576142
2.730049	-1.337994
-1.591028	2.947374
4.718926	3.467968
2.945464	4.872343
-0.310533	1.149208
-0.797812	-0.067935
4.230072	4.299196
2.884499	0.590618
3.334208	4.072973
-0.729473	-1.099400
4.566594	2.388032
3.718418	5.161711
2.196282	-1.912250
5.360439	0.422019
-1.900089	2.395253
4.298356	5.164344
5.680617	0.271763
0.185751	-0.878304
3.696843	3.733977
0.275325	0.054658
1.234766	-1.688254
4.547632	3.566541
-0.962603	0.805142
-2.089590	2.999764
-0.321473	3.628480
-2.409567	1.797183
3.914972	3.306718
4.899054	2.293216
0.901206	-0.778675
1.475165	-1.356775
1.024608	0.138226
6.178279	4.164201
6.969641	2.673665
5.207211	4.684175
4.813883	4.497974
0.515014	-0.172391
3.965438	3.315043
0.302188	-1.130572
-2.483250	1.002136
-1.287124	-0.745338
6.106875	6.286110
1.338537	-3.019367
2.367270	-1.737612
-3.608212	4.212005
-1.397630	3.776312
-1.164267	2.291096
7.012416	2.702196
3.562511	4.605876
6.955322	3.504387
2.712971	-2.891451
1.651189	-1.585561
5.016849	4.380938
0.489088	0.658003
4.342608	3.541205
-0.506678	0.222705
4.029025	4.325023
-1.542278	1.544519
1.125392	-0.810608
5.512688	-5.392577
-2.582639	2.653444
4.738083	4.756239
4.529236	2.619582
4.000983	1.985960
-5.138516	5.017904
2.670544	3.960131
-1.684616	3.454430
-0.592757	0.438839
0.162243	-1.969004
2.977000	2.260109
2.235480	-1.547583
-1.818455	2.188447
4.533508	2.977977
2.505372	4.785617
6.393527	4.368416
4.477919	6.859935
5.269463	4.536803
5.432869	1.845455
5.987193	5.566557
6.074749	4.786409
4.777281	3.759874
6.313058	2.709551
5.677915	1.167054
-1.367705	0.989507
1.091408	-1.089763
4.159295	3.743193
2.305948	-1.814793
-2.904949	2.356005
2.337830	-1.982284
3.182799	-3.290947
6.374682	2.981025
3.366453	5.533283
5.510256	3.375390
-3.543597	1.727704
4.209447	5.039662
-1.309520	1.313380
1.208262	-0.496525
5.286304	3.757076
-0.011559	-0.027882
3.002071	8.135310
4.030788	5.788658
4.060621	3.663996
-1.293807	1.027398
4.895380	5.972117
3.444102	4.874338
3.560552	4.626502
1.282885	0.429398
6.496785	6.858037
3.638497	4.157546
-2.149615	1.776957
-2.455475	3.739159
1.476283	-1.999084
-2.301400	3.159709
4.047364	3.975538
-5.053635	4.933359
4.496290	2.309749
-2.016514	1.115969
0.837631	-1.790278
-0.848993	2.075756
-1.056784	0.954383
-1.548558	3.825141
4.410242	3.513779
-1.830198	3.783651
3.217914	-3.983933
4.232561	3.577620
5.533537	6.024356
3.549760	2.948202
2.971208	3.122314
5.171862	5.014236
2.085951	-2.333263
5.143592	5.855789
5.550150	3.769316
6.615282	3.540775
-2.915091	2.112618
3.886151	3.527509
3.776533	5.640196
-0.850464	1.653719
4.749333	5.576514
-2.869261	1.479931
-1.400576	-0.167053
-0.003402	-0.858885
3.579748	4.187788
4.976623	3.108641
3.796830	0.878526
4.649232	2.187294
0.756165	-0.624368
5.649562	1.889554
0.606113	-0.343573
6.502105	2.244695
-1.112985	1.414914
-0.501246	2.341821
6.010012	4.938113
5.587668	2.766532
2.983356	5.489903
4.711053	5.060055
3.615640	3.031068
0.367822	-2.024439
5.453340	1.498659
5.232116	4.776778
4.970517	3.216983
3.826542	4.741193
4.600542	5.385395
3.661151	4.476719
4.280300	5.087743
3.970006	3.372386
4.495883	5.252037
3.362353	4.793616
2.779479	4.294535
-3.671595	3.983129
3.726009	3.983478
-2.854369	0.473113
0.097483	0.640547
5.029759	5.726167
3.560195	4.380031
-0.372139	0.143115
5.027845	1.800369
1.414920	-0.524577
5.123049	6.704206
-4.759551	4.355192
5.558440	3.471232
2.562653	-2.643415
-1.218275	-0.820332
-1.751589	3.612397
5.361639	3.428317
4.365126	3.937011
0.204636	0.132654
-1.514010	1.629461
0.384619	-3.465036
-0.625140	-0.780482
-1.241366	2.694318
4.340414	4.751310
3.549931	1.224379
3.670698	4.428069
1.252775	-2.010670
4.412636	2.857109
3.871688	3.853220
-0.531475	-0.422988
-0.648862	1.715987
4.621087	3.032017
-1.281292	0.344102
2.610812	-0.155325
4.516194	6.007807
5.185815	3.221981
4.551297	3.707849
3.660993	4.898793
4.393956	2.981535
3.382548	6.059070
-0.744481	-0.933634
-0.897694	0.573615
-2.040147	2.013845
-1.584075	0.828902
-0.199386	-1.066709
3.493508	-1.334282
2.953769	4.945239
-5.276074	3.335247
4.136209	4.838623
0.471328	-2.935286
4.257769	4.558217
-1.373438	1.669893
-0.521829	0.827393
0.811600	-3.828601
0.706049	-0.562960
5.289781	4.145083
2.268996	-2.442435
2.827633	-1.102326
1.232239	0.279468
3.709609	2.509240
4.900542	5.059514
6.314517	2.742901
0.535212	-1.198726
-0.696130	1.489689
1.386371	0.430025
-1.137458	3.452074
0.599848	1.708746
5.858399	1.717331
-0.866542	0.827393
-0.800158	1.676754
4.903423	2.971241
2.462666	0.786742
5.309127	3.818426
-0.612042	1.696774
5.107315	0.626029
-2.438544	1.742678
4.032534	3.309536
6.263440	2.598661
5.709477	5.478219
0.177095	-0.295925
4.292460	5.584716
-0.673707	-0.046777
2.500399	-2.575363
-0.462132	0.485108
-1.690757	0.880553
-0.671029	0.377234
4.405743	2.749062
4.901469	4.719243
4.852091	2.128804
4.734846	3.255135
-0.939299	0.204235
-0.205081	-0.297760
3.247922	1.156489
0.113056	-0.750224
3.853904	4.495676
6.196465	3.519732
4.412313	4.323043
-1.984679	1.670025
-0.595911	0.080216
4.843017	1.997576
3.785111	3.406200
-1.085322	-1.002454
6.089349	3.994407
4.246989	4.805820
4.074001	1.225505
5.980305	1.311759
-0.754313	0.594035
4.850647	2.716319
-1.695963	-0.005773
4.145779	4.467209
3.348311	-4.273389
5.716480	5.600963
2.125170	-0.813186
2.338108	-0.844287
3.060104	-2.198442
5.772433	4.985627
-0.047590	-0.694758
5.046973	2.451296
0.144941	-0.377199
6.690002	3.650499
4.671600	4.881484
-1.545836	0.699274
3.779088	4.431544
4.325544	3.327501
0.136447	0.111908
0.999499	0.929577
-0.594637	-0.613618
3.625375	4.618042
-2.219386	1.404296
6.389964	3.467380
1.235248	-0.875297
2.946256	-0.888052
0.740424	-0.211566
5.442695	4.946322
4.480973	3.325468
-0.890498	1.908547
3.197453	1.656143
5.172109	4.523928
-1.144108	1.928382
-2.331463	0.552891
1.198914	-0.961826
5.852276	1.636218
3.428426	-2.893114
1.328405	-1.886012
5.429157	4.346207
6.301041	3.973138
-1.736911	2.357642
1.544074	-0.970509
4.972039	2.920616
-0.415243	0.265271
-0.337622	0.160500
1.120322	0.992883
3.747735	1.647785
-4.111646	1.856738
5.316121	3.754158
-1.431300	2.387548
2.033280	-2.875920
4.547924	-5.343857
4.049316	0.574851
-1.198480	-0.144701
0.859066	1.676699
1.945435	-2.169002
5.136262	1.196750
3.898948	3.194213
-0.341744	2.286274
3.167484	2.385371
3.417434	3.647743
4.399328	6.685582
3.271222	-2.752999
2.644276	5.244574
1.633126	-2.252146
-3.775558	0.835102
-1.045199	0.532034
-1.028864	-1.695769
3.578933	5.073656
0.635232	0.525352
3.794259	2.519349
-1.303152	-0.376540
4.400287	6.008082
4.206073	4.311219
3.960863	2.807205
0.563276	-1.780543
3.807743	3.961244
0.627288	-0.412562
5.686395	1.768498
3.639284	4.778599
2.866121	2.579430
4.920064	3.538628
0.688930	-0.799835
4.208610	5.721087
-2.952302	4.738474
4.367273	0.953313
4.556533	3.840354
3.546092	3.625253
3.560924	2.662377
-0.807317	1.377351
4.484932	2.962438
5.238087	2.846593
4.527342	4.489525
-0.280051	-0.992555
5.154258	2.539281
4.290813	5.039940
4.643367	4.220384
1.038635	-1.785180
0.465378	-0.930242
-2.448697	1.371725
4.693376	5.187991
4.215784	5.510958
4.182377	4.166899
2.559083	3.502338
-0.733357	0.953699
5.288439	3.832688
2.949948	0.980508
3.482686	3.075502
1.968425	-2.019926
-4.776022	3.254560
4.945858	3.211224
0.240509	-1.033731
5.677280	4.425590
4.954094	2.648407
5.900564	3.227486
5.134688	3.828797
3.167020	2.870188
4.827313	4.331849
4.885271	2.700696
4.797305	3.221934
0.614284	-3.011619
3.354663	3.501627
4.607225	4.343340
0.855613	-1.793064
5.484867	4.718991
-0.863823	3.034391
-1.346721	2.116213
0.783748	-1.551026
0.058820	0.247204
0.114837	0.787042
4.913831	6.798005
3.625121	4.239580
-0.786427	0.039834
4.687733	3.572242
5.625249	4.288032
-0.686698	-0.966935
-0.851815	1.916015
4.916221	1.829821
1.867800	-1.999478
4.283545	3.924021
1.893791	-2.948461
0.371971	0.625059
-0.907255	2.089340
-2.859883	3.883131
4.413168	7.200013
4.337726	3.441792
5.006419	3.615110
1.283847	-0.641790
3.441347	2.824476
5.119152	3.710270
-0.390818	0.319521
3.792453	1.974016
4.942860	3.092294
-1.801038	0.253537
6.782466	4.633546
3.854983	4.439129
5.150909	2.850968
0.637666	0.047634
6.196255	4.378160
4.720074	5.287329
5.296803	-3.897376
1.721618	-0.746813
3.327324	4.706045
0.477030	-0.713497
2.855326	2.348962
3.881645	3.742911
4.140745	4.954845
4.916116	1.847601
2.454872	5.553022
1.767577	-1.869138
-0.758037	1.344948
1.618594	-0.281929
5.058621	3.656984
-1.356788	0.096317
1.536396	0.260644
7.006826	1.243975
-1.409565	0.477238
1.764658	-2.230653
5.936304	4.606084
-0.205807	0.889939
2.317926	-1.105462
5.312096	2.019872
4.803931	2.869035
1.782303	-0.934237
0.180121	-0.809215
5.585473	5.213565
-1.517464	2.107270
-2.714680	0.308050
-1.203969	2.510129
-2.486835	0.735998
1.051386	-0.046112
0.032637	0.751727
0.133922	1.036371
0.253585	1.284279
3.894249	6.647359
-0.167641	0.971447
4.169294	5.342400
4.967048	4.234737
6.238120	4.620608
5.070361	4.222787
-0.679927	0.361365
2.987064	-3.038986
5.307212	3.986473
1.781681	-0.011364
5.785950	6.238613
1.196954	-0.560485
5.057471	3.422309
1.058141	-1.533721
3.896590	-3.897094
4.527033	4.320234
6.623990	2.797736
4.888118	6.086238
2.950046	-2.175421
-1.241320	0.272336
5.921464	3.453763
4.833039	2.653524
4.452329	1.313593
3.985079	4.295335
-0.407431	0.749991
4.077875	3.391295
4.376739	4.181746
-2.820485	2.287134
4.947346	6.195622
1.929579	1.861646
4.819030	2.991850
0.634598	-1.065671
0.832088	-0.487625
3.245294	-1.226972
0.462050	-0.723442
-1.373551	0.752560
0.928193	-1.340058
3.607062	3.901279
5.664865	2.738641
-1.175075	1.586281
6.412251	4.378809
5.832813	4.959703
6.396313	2.790301
2.991858	3.582633
2.112822	-4.242897
0.948687	0.947334
1.624231	-1.062464
4.609936	3.530943
5.049160	2.687673
3.395888	4.808791
6.449983	5.521356
2.117783	-0.867111
2.725934	5.129257
-1.715384	0.744313
2.732016	-4.819156
0.786738	-2.287770
5.111994	3.517102
2.830651	-3.897729
0.856677	-1.243962
5.629655	-6.856735
2.165621	-2.212689
0.131986	1.665352
6.156662	7.045134
4.978503	-6.846576
-0.739405	-0.223670
3.534327	4.826698
4.472050	-5.510462
5.589859	2.652024
5.074236	2.251729
4.418883	7.476651
-0.676893	1.005367
2.233691	3.626102
-0.443347	1.891125
-1.286088	0.192372
2.064028	-1.540604
2.197628	3.713101
4.617533	4.069248
-0.868105	0.628490
2.043737	0.088289
0.850647	0.446194
-0.777188	1.518492
1.136187	0.900177
4.481134	3.741403
-2.013603	2.134480
3.149730	4.342893
5.219142	2.440609
2.641227	5.940568
4.820812	3.086715
2.157153	-2.410961
1.798490	3.518860
4.741564	3.396903
4.221441	3.973371
4.301544	5.945676
5.595859	3.909384
2.598677	5.594883
2.702851	4.024222
1.422348	-0.271192
2.932739	4.474825
3.588638	5.535425
-0.291909	2.067376
-2.355181	3.527811
5.309671	3.465439
3.090738	3.898056
3.506760	5.562498
-0.557942	-0.538024
5.624647	3.372364
5.125578	2.296290
-0.012341	2.204650
5.154743	3.089088
2.346177	4.181133
4.745020	3.928865
-0.261026	0.165198
0.557495	-1.401712
0.711290	-0.630640
0.610173	0.573408
3.222212	3.752286
5.175585	4.717245
4.525543	4.296023
3.959100	3.131816
-0.670128	-0.478327
5.903175	2.892984
6.372810	2.830414
0.514875	1.000798
0.408752	-1.364900
3.532707	-2.265327
6.725582	4.403472
5.041191	3.751361
-0.285396	0.380372
2.675947	2.160893
3.737015	4.062104
5.196190	3.479871
3.673151	3.915713
4.858775	3.555239
4.969913	5.125101
-1.468233	0.836047
-0.837071	1.545603
4.099028	3.848640
-0.448390	1.439240
5.836842	4.524019
1.928995	-2.216800
3.185506	1.591096
0.943140	-1.782047
2.887297	-3.965502
1.106289	-2.712035
0.845147	-0.943595
2.741293	5.833838
3.928229	5.726765
0.083776	0.575427
-1.932719	1.364829
2.797902	-2.369177
3.385899	1.649376
3.904747	5.028101
1.269239	-1.398768
-1.232581	1.576182
3.965617	4.932598
6.310051	5.661658
1.170681	-1.267336
-2.753737	2.490446
4.438759	2.812202
5.669800	2.585242
-0.245514	1.463629
5.195273	6.044599
-4.330366	3.926136
4.726278	6.400356
1.544864	-0.885342
-0.544089	-0.118776
-5.823301	3.767978
3.287330	-6.641793
-3.270020	2.024454
4.629281	3.816010
3.432617	4.740468
3.408108	4.153042
-0.790249	1.686306
3.274880	-3.299737
2.925155	4.344826
-0.057366	1.462584
1.483100	-2.765074
-4.201034	5.330722
-2.885829	2.856866
1.646241	-0.167934
5.572356	3.369258
3.656464	4.918403
6.345099	4.153510
-1.576986	0.164227
4.214802	5.246990
2.452098	4.593627
0.773857	-0.302616
3.296900	4.172548
0.493920	1.557679
0.007855	-0.462679
1.014908	0.583464
-0.521428	0.067469
5.213386	2.819687
-0.533198	0.051278
-0.558266	2.246472
4.622525	4.868959
-1.772884	1.218182
-4.574423	1.995924
-0.951651	0.040354
0.523118	-0.432568
5.333865	3.513108
1.126932	-0.899109
3.924180	0.433188
-1.236417	1.414602
0.925918	0.429716
3.550712	-2.324590
-4.258339	2.123742
1.536224	-0.039381
4.243699	2.404279
2.835460	-3.094055
5.350639	3.797408
4.714764	4.427453
-0.698281	-0.872522
3.055228	-2.256501
4.534727	4.421070
5.706157	7.683623
0.984959	-0.965317
6.418027	2.108408
2.039630	-1.812431
3.315207	2.565411
-4.213694	1.005622
-3.575240	0.935861
4.821313	-3.911782
2.112297	-1.447251
4.195631	3.875022
1.483657	-5.079208
4.236445	4.868657
-0.728175	0.646201
5.829686	3.402313
3.649298	3.419477
4.017024	5.409827
-3.540301	3.621011
0.643135	1.112214
4.537281	4.081880
-3.683310	3.512322
4.714855	3.608485
4.540322	-4.239752
6.098000	4.278222
3.525805	2.568416
3.328751	4.202257
-0.704682	-2.016060
3.846098	-1.743508
-0.565637	-1.309509
4.139795	2.720277
-3.243429	2.054643
-0.470527	0.613612
0.851070	0.603132
3.286785	2.677795
-0.755077	-0.506890
-0.067279	0.387820
4.893296	4.238750
5.442750	1.613789
4.830469	3.294866
-1.461477	-0.053238
4.519497	6.196592
0.902364	-0.648381
4.698499	3.068984
4.961872	3.439708
5.228083	6.290516
4.497948	4.445222
3.582209	6.332531
-2.495108	0.996774
0.957712	-0.146439
-3.069021	3.595641
2.214107	-1.658387
0.394366	-0.944035
4.516759	2.103286
1.024408	0.695433
0.064101	1.693977
3.895479	5.158362
-1.031448	0.302341
2.104506	-3.574145
2.893453	4.113456
-0.598838	-0.601005
5.038003	3.291075
-0.987926	1.521109
-1.186808	-0.128422
1.554114	-0.290699
2.984613	-1.836996
0.264551	0.951082
4.197945	4.402289
1.230727	-0.324662
1.448890	-1.835007
5.485436	3.860309
4.297980	4.253108
6.318786	4.023709
-0.591605	0.282922
5.166249	4.373310
4.073592	-3.790747
1.194661	0.213176
-1.730374	2.304966
-0.300802	-1.538717
2.277589	2.179374
3.597762	1.513721
-1.761696	3.978750
1.047167	-0.571606
3.469311	1.299825
-0.366318	-1.448095
-3.520020	3.808211
4.855739	1.828026
2.788982	2.864470
-0.243695	0.942193
3.677244	2.361719
-2.403661	0.413339
2.036813	-3.038687
-1.344949	2.011752
-0.842982	0.444356
0.919111	-1.193884
-0.820447	1.320095
4.272248	5.626430
4.256695	6.800866
4.233615	3.250784
3.383909	3.640365
6.911036	4.268526
-0.390305	1.166375
3.807382	4.768664
3.909888	-4.550707
-2.553832	2.498040
4.287761	4.076517
5.000005	4.109481
-2.269959	1.631973
-0.474910	-1.592048
3.980412	2.498123
4.220402	4.389058
2.776134	4.386865
5.671961	3.661519
1.820070	-1.412067
1.661444	-3.113117
4.456873	1.669386
-3.225159	3.437552
-4.234988	4.588148
0.927964	0.016028
3.687567	1.919983
-2.667934	0.102372
4.929536	-0.313064
5.137432	3.304145
-0.112030	-1.293645
-1.666243	3.203280
4.479158	4.296908
0.975414	-0.457446
-1.958420	0.752228
4.167744	2.858395
-2.549306	4.211137
3.659305	3.149151
3.686675	3.150849
4.074092	4.307336
-2.477167	4.428267
0.095593	-0.351657
0.285093	0.310252
2.871267	2.988620
3.758231	5.548857
0.286016	-2.274806
3.330347	0.854682
3.760114	6.698213
2.184964	-2.424693
2.489799	3.906397
2.385941	-3.131357
-1.301572	2.557622
0.754592	-1.169626
4.282110	6.308414
0.910651	-1.743309
1.573556	-1.680527
0.565538	0.261174
2.921967	-1.906191
5.735765	4.766151
0.455327	-1.788674
1.911527	-1.248853
1.495208	-2.028842
2.054421	4.856556
4.272505	3.372015
3.090815	4.618160
3.243341	5.562106
5.311784	5.120928
1.767318	3.838225
4.693154	4.341884
3.363179	-2.601976
3.141160	2.745973
3.589772	6.936575
3.590242	-4.333332
4.490022	2.751691
-2.828225	4.575623
4.147766	4.950181
2.259291	-3.580416
-2.244521	1.962630
5.319263	2.687919
5.395454	5.089140
4.435278	4.118908
4.041927	5.474997
-2.937841	3.782273
6.048801	4.359584
4.092945	6.496107
2.946478	-1.660489
0.043557	1.379547
4.623713	4.868955
5.257307	3.516440
0.709935	0.137434
-1.611220	-0.994179
5.091214	3.213631
3.811263	3.693468
6.508200	7.139085
1.166576	-1.404547
2.769688	-0.835595
5.625182	1.538372
4.719523	3.842889
5.673360	3.528654
5.307079	3.195861
3.883611	2.299981
5.168098	2.188689
-1.108240	0.449564
4.801534	3.896500
1.083888	-1.852449
0.979168	-0.393060
0.666932	0.251597
0.137927	1.105149
4.127532	4.902388
-0.493730	0.382274
5.834740	5.025452
3.930364	6.080908
4.279801	4.066634
4.482188	4.560225
0.297463	0.317071
-0.812632	0.616993
4.111580	7.864031
-0.927160	-0.171686
-1.204573	2.655787
4.546091	3.132496
2.712860	-1.528346
4.655047	5.203870
5.712048	6.095065
-3.143682	1.266708
-0.427923	-0.669641
4.460300	0.506251
3.963428	2.478176
2.648726	3.019206
5.880219	6.617125
5.946539	2.011981
-2.243833	1.496136
2.596377	-0.636604
-0.966275	0.136220
6.625644	5.671603
-1.301781	1.749275
4.467515	4.805889
0.205991	-0.751869
1.046910	-0.695776
2.668888	5.027361
1.412101	0.645506
-0.606014	0.806472
3.749068	2.635688
3.338802	2.042224
3.198484	3.529490
5.781488	6.744101
4.361276	4.804183
2.403098	-0.833484
6.548985	3.677173
-1.110873	2.127337
0.704842	-0.324080
2.914154	-3.918677
-0.937259	1.293333
3.401366	3.581991
-1.739887	3.393697
-0.340987	2.730042
-0.248662	0.990240
1.302480	-2.843148
2.541438	5.422671
1.409832	-1.172980
3.329821	3.344456
4.496330	2.946204
4.648036	3.945941
-0.047619	0.738035
5.127450	4.356971
5.601767	1.617646
0.494254	-1.390378
3.123729	5.546410
4.387507	4.653324
2.177716	-4.084121
5.094592	3.044374
4.334174	1.671155
-1.621231	2.263017
3.006577	-0.691352
2.980550	3.068289
5.671482	4.283058
4.201945	2.900948
1.108046	-2.830788
1.612406	0.069524
4.548182	3.317111
3.372057	5.418886
-1.441836	2.316228
4.125895	4.443238
0.219638	0.208938
6.789174	3.671748
2.256690	-2.571655
0.313637	0.632111
4.972760	6.191865
3.227118	3.888909
3.987430	-3.039577
0.193974	-2.010418
-3.419109	3.202740
4.669462	3.278081
3.887973	6.449184
5.071304	3.297554
-0.980521	0.460262
3.965845	0.297612
-0.604561	0.298723
-1.940796	0.360641
2.558249	4.014426
-0.065131	0.412874
-2.579620	3.041903
2.244773	-0.585713
3.812398	4.625405
4.348118	1.870685
4.525202	3.981878
6.065452	2.577373
3.783772	3.895933
3.349511	-4.355563
1.455059	-2.803527
2.809503	3.511925
0.022021	-0.101157
1.493760	-0.982929
-1.551136	1.690225
4.819983	4.728400
-4.558423	4.488419
4.535388	4.409227
4.368293	2.299109
0.010018	1.339811
1.927118	1.125822
5.096350	5.059069
-2.134560	3.016525
1.146759	-1.107227
5.010696	4.501040
4.289131	2.126924
3.560818	2.757901
3.929810	1.274840
2.290731	-1.824025
1.657435	-2.243067
-0.491947	-0.034374
2.729860	4.598741
2.526853	-2.781257
2.444430	3.765678
0.083281	0.671168
3.474763	4.044365
-0.548817	0.310279
4.980468	4.124426
5.169064	3.808492
3.541878	3.533738
-0.877516	-0.125930
-1.628077	1.790400
3.063128	5.871807
4.131278	5.045623
0.278885	-0.863636
-3.515483	3.968043
-0.330117	-0.835524
2.792838	2.824454
3.497435	3.775675
2.055650	-3.415048
-0.860558	-0.410320
4.039920	5.443393
1.257075	0.595855
4.442758	8.470687
0.764065	-0.894180
4.921925	4.515686
-2.044412	0.490147
1.776119	-0.930382
-0.622374	0.951432
0.376032	-0.266397
5.457308	3.376675
5.388392	3.959918
-0.069526	1.068128
0.866501	-1.971759
-2.912104	2.308077
-0.761504	1.097138
4.245880	5.943090
2.824268	-3.031449
0.957865	-0.812936
-0.192829	1.440985
0.723480	0.827102
3.451411	2.038971
3.867543	2.165637
-1.574526	1.968724
0.642334	0.226610
3.593672	3.301564
4.072959	2.501546
0.968271	-3.081776
4.931490	5.027968
3.637176	7.361730
4.461773	3.509474
-3.211261	2.696565
0.668630	1.249971
4.691002	5.202254
-1.453830	0.508252
3.961377	3.049193
-2.267333	4.838218
-3.558702	-0.580654
3.966978	3.571565
2.124869	-1.416025
-0.817269	2.355798
-2.190669	1.793581
3.525260	4.203278
4.698633	2.661594
2.954618	-4.789670
4.788314	4.946564
-0.020131	0.203507
7.120629	3.597008
-1.986346	0.436808
-0.007807	-1.396261
1.063483	0.365404
-2.210008	3.628842
4.548046	4.893727
3.277509	3.759860
4.498312	5.389655
4.260861	2.502130
-1.146151	1.740329
5.747334	4.483962
3.676000	2.585874
-0.882649	0.963482
-4.525702	2.549115
-1.166395	-1.666510
5.240412	5.034060
4.007986	6.263207
4.494999	2.995625
5.884149	3.569594
-1.410021	1.607124
4.717189	3.575023
-0.884705	0.378099
3.770818	-2.321645
-0.694004	1.064806
5.110468	3.837378
4.502078	3.408616
4.330857	3.512618
-5.883338	5.250297
3.114547	-2.689051
4.122499	3.806704
-2.243045	0.522315
4.236211	-3.892061
4.050322	5.886897
4.959405	5.218481
3.430706	5.374663
4.579273	6.943060
1.665440	-0.364272
4.916982	4.148255
4.929540	4.782857
3.675006	2.853987
-2.682360	3.940265
-4.770671	4.319447
-1.298704	1.240740
5.686718	2.015266
3.561622	3.224834
-1.815705	0.580040
2.752143	-4.773314
3.046638	3.365635
0.401301	-0.519626
1.861406	-2.633174
3.706027	-2.007702
5.699359	4.036773
-2.445035	2.589484
0.782686	2.488955
4.302217	2.959548
1.305475	-3.244465
4.465896	3.423221
-1.098377	1.857803
4.030068	4.864646
-2.046809	2.983312
3.358946	5.182811
-1.047132	2.858239
5.229524	4.988167
4.496882	4.507252
0.256675	-3.255358
6.054294	3.696952
4.055214	2.378030
-1.043670	1.863338
5.672646	5.550444
2.976183	5.024108
6.195153	4.171244
0.206005	-0.362372
0.248213	-0.309039
5.838900	3.707836
6.068631	5.232985
0.177667	-0.841174
1.555650	-3.025196
3.271463	4.608593
3.679398	3.840404
0.513117	-1.312815
5.510045	4.664892
0.074422	0.150079
-1.980337	2.199298
4.200835	3.709202
3.197206	2.425342
4.660216	5.114358
4.794423	4.994081
1.693042	-2.117572
5.321386	4.881354
2.931123	4.567005
-1.318486	0.615597
0.943271	-0.963672
4.598942	5.324131
3.968179	2.980520
4.341706	6.264659
6.592930	5.717551
2.477196	3.136802
0.717648	0.668815
4.266712	2.418705
4.900770	3.466854
-3.981867	4.196524
-0.926891	0.716340
-3.346578	0.744686
0.231243	-0.102341
3.021281	0.609432
4.459623	2.984238
3.742476	3.615250
4.506847	5.557065
-2.231041	2.533600
3.989478	2.990582
5.079130	4.055529
-1.288955	-0.189166
-0.253998	0.380849
3.087449	-1.204866
4.371405	-2.722902
0.972207	0.102797
4.124876	3.557714
1.092187	-2.412584
2.892976	4.141096
-0.378418	0.469545
5.424681	3.284429
2.606612	3.935241
-0.434359	-0.097394
3.279662	2.745975
0.219742	-1.764515
3.545132	2.802316
4.582830	2.892868
1.888604	-0.711169
4.266413	6.308329
1.155177	0.997155
-2.613876	2.100556
2.886757	-1.721639
2.307564	3.275257
0.607540	-1.900231
1.648298	3.486575
6.157924	4.241158
6.494565	2.862838
4.462092	5.518835
5.266012	2.166992
4.520711	5.696932
4.655541	4.336006
5.495857	4.782634
-0.605589	0.510924
-0.604716	-0.361422
-1.187755	1.117513
-1.454405	-0.241565
5.197928	3.005277
5.786786	2.705184
4.330321	3.340949
-1.135158	0.592642
4.506486	0.820693
-1.133921	-0.219888
2.135965	4.671860
3.839391	5.620349
5.776503	3.009174
-1.332731	1.118671
0.040921	0.605882
5.333437	3.606941
5.565496	3.326628
6.039962	3.581825
5.097533	4.423459
2.001217	-2.301640
5.071117	2.241849
1.575436	-0.604651
3.708176	4.800396
0.141382	1.903000
-0.151613	0.843056
4.495246	5.043735
5.702048	3.940496
-0.207807	-0.550381
1.595648	-0.486675
6.068461	4.394061
4.547070	5.052763
3.086527	-3.027166
0.516182	0.693442
4.132220	3.002287
-2.126566	3.291385
2.107960	-1.972057
4.766241	3.189615
5.658681	4.602782
-0.013597	0.363826
3.165481	6.493090
5.851490	4.534556
5.883835	5.075914
3.212255	5.067046
0.867048	-1.316311
3.208336	1.968748
3.172929	1.736488
0.050476	1.195155
5.055140	0.120496
5.504508	3.902905
-4.019761	3.720940
5.576062	3.302878
4.244213	2.432565
0.192251	-0.481149
4.045089	4.236108
5.858647	3.125804
-2.402260	1.905899
2.678135	5.413046
-0.121946	-2.256085
0.621462	-2.214244
0.989554	-0.342522
3.712500	-2.108749
1.772866	-1.268255
6.276749	2.548303
5.773398	3.480025
0.923931	-2.545928
-0.635603	0.270175
0.848835	-1.305362
-2.760593	1.078467
0.947078	-1.717485
5.132480	2.275849
2.207413	0.667313
-1.590591	1.439121
4.010864	-4.551244
4.006973	4.349758
-0.549273	0.605260
1.217849	-0.426936
5.981794	4.008889
3.122115	5.419416
5.100172	5.090153
5.608788	2.880733
4.168535	4.987006
3.518386	2.400427
5.090100	4.328662
4.037418	1.213574
-0.214173	-0.028330
1.469406	-2.197322
3.155393	4.410960
4.310920	3.851012
4.113068	4.849239
5.249928	4.886758
-0.795282	0.008463
5.062565	4.195607
-2.548493	2.745720
-3.447035	2.080464
0.151317	-2.190410
-0.155956	-0.106494
0.706914	0.062668
-1.160502	2.165153
4.941726	4.037661
5.154600	4.779646
-0.072695	-0.576310
2.797203	1.406714
-1.798583	1.004403
-2.410400	4.557129
4.344481	5.357193
5.480802	2.347667
4.420729	4.759661
5.897967	2.607065
-0.418087	0.794824
5.350098	5.410913
-2.591072	3.650602
2.315589	-2.301566
4.134574	-3.538637
5.536607	5.441502
5.484814	5.752703
5.075982	2.150612
4.633264	4.093657
0.880622	-0.463766
3.564832	2.765313
5.112719	5.617369
-1.694272	1.717379
3.472132	4.959866
2.078925	-1.565278
3.756126	3.717488
4.340111	5.178567
4.347816	3.177023
-0.178284	0.460012
-3.282308	3.717639
5.257316	2.172415
4.290149	1.175038
4.589788	-4.926378
-1.692080	3.267236
-0.609466	0.519324
4.227470	3.594507
-1.029691	-0.937109
0.604383	-0.529110
3.483634	4.356935
-3.039389	1.123643
-0.767453	-0.250886
-2.107835	2.169592
-0.279240	1.133933
5.027135	3.343000
-1.119788	0.049015
4.164884	6.325208
5.926096	5.328512
0.889843	-0.672153
6.121311	4.123597
3.964426	5.716549
1.581378	-2.018646
4.027823	5.082496
3.492199	4.740651
0.020690	-0.832135
1.636307	1.555789
1.825486	-0.609177
-1.634389	-0.907475
4.178812	-1.953793
4.284664	3.357920
2.650874	3.005024
2.153379	2.607267
4.607178	2.102302
0.492898	-1.191232
-3.477430	0.836078
4.762242	4.920283
4.179928	4.339284
-1.113937	0.437431
0.052281	-0.511844
5.518101	6.823161
-3.209540	3.021755
4.028086	3.275715
-0.181327	2.087006
6.479916	5.289145
-0.794548	1.558356
-2.406450	1.417501
6.709054	4.113882
5.552444	5.117842
3.901626	6.504824
-1.243010	-0.783306
4.991328	4.352796
-6.026816	5.236558
2.680523	5.594689
0.853836	-1.849529
4.746636	2.997972
4.290166	-2.322826
3.458106	7.134791
2.738554	3.964914
-2.566267	1.617283
3.441783	-4.278059
2.935013	5.050222
3.389544	3.942044
-2.487191	3.899572
0.758018	-1.192213
2.917309	4.729329
4.174082	4.138125
5.671213	3.613206
3.937230	5.014967
5.317762	3.472639
-0.046273	-1.760371
-2.579067	3.533872
2.132215	-1.861933
3.797840	1.313024
-0.795078	1.070354
-1.112305	1.922822
3.899826	-1.820914
3.223632	-1.769805
3.455171	2.947489
-0.623232	2.726237
4.243608	4.378958
4.928339	2.841561
5.714448	2.462633
-0.732721	0.526746
4.522807	3.067227
1.175698	-2.950828
-1.460583	-0.377951
1.463047	-3.845679
-2.067100	3.518797
-2.684868	1.850492
5.457049	5.225410
4.133900	3.647843
4.834016	6.234609
0.641783	-1.322873
-1.355063	1.520544
6.110364	5.289499
5.043840	3.392150
-0.066731	-0.456352
-0.229052	1.862150
-0.958233	2.534769
-1.985035	-0.568776
4.077144	-4.196335
-4.578289	4.694616
-1.201613	2.143372
2.715919	4.072404
-0.872632	1.912533
4.143755	5.007757
5.950301	2.035218
0.423534	0.255072
-0.797342	0.607362
-3.743935	3.844950
4.765791	2.202604
4.661150	3.326709
-3.498737	3.619196
5.797417	5.337646
0.599067	-0.887522
4.586404	4.433848
4.590050	4.344038
-1.028286	0.962468
0.010048	-0.015046
4.728001	4.240520
5.169631	2.943252
-3.531084	0.768221
3.112373	4.881814
3.905518	4.745382
2.691818	-2.359190
4.520243	4.507641
1.460914	-1.987797
4.339485	1.441034
-0.656358	-1.212340
5.655926	5.134683
1.805956	-2.304564
5.510158	1.938821
3.778917	5.001114
4.527605	4.023012
0.521672	-0.416647
-0.277275	-0.017953
0.006892	1.451070
5.244075	1.775447
-1.745299	2.440666
0.678783	0.799432
1.924230	-1.641521
-0.806970	-1.671226
3.029867	-0.897032
1.366690	0.173109
-3.385868	3.609482
3.368530	-3.054991
0.809671	0.079134
4.657410	3.708227
4.470603	2.679822
4.367769	0.478931
5.075943	1.988325
3.674904	3.286307
3.930641	3.865007
4.742367	3.599810
4.331416	4.652110
3.954468	-2.994182
-0.514563	-0.930878
1.684832	-2.066653
0.567787	-1.824143
-0.564592	-1.050622
5.075125	3.655963
-0.993820	1.774230
4.559323	4.397190
4.923707	6.477090
4.895067	3.162230
5.276527	3.969638
0.278385	0.018030
1.230773	-1.669072
0.613905	-0.359054
-0.798264	0.977485
3.845413	4.760975
4.405063	4.426012
1.931924	-2.094785
-0.320745	-1.476510
2.978997	2.739884
4.841124	6.925974
3.869869	3.665119
3.642290	4.871462
1.000252	0.356361
4.408064	6.184615
0.340612	-0.925328
2.286804	3.182930
4.918562	5.593172
4.471581	3.922386
4.183624	2.993110
0.063938	-0.867797
4.021173	4.343894
-5.232422	4.347840
4.632745	4.575706
-1.710206	2.529356
-1.500283	-0.041129
2.964077	4.792360
1.254201	-2.740847
1.302591	-0.441465
0.782069	0.112631
0.754625	2.192784
4.388169	2.763136
3.049784	3.681164
4.769827	3.444100
1.211140	-2.486764
0.668213	0.674491
4.449405	2.977336
0.546476	-1.003808
3.408672	2.899714
0.428889	0.112670
0.410440	-2.016468
5.238192	4.287788
5.070643	4.103928
-0.727179	-1.584881
0.875329	-1.509023
0.578177	0.260611
4.202727	6.339469
2.853112	4.889413
0.423352	-2.192818
1.767098	-1.140412
-0.472177	0.225649
0.195502	-1.277584
4.894555	3.349635
1.791803	-0.372267
4.831062	6.113527
-2.753096	1.372075
3.663997	3.255631
6.702967	5.535486
-0.877552	0.657822
-1.515338	1.453928
-0.531565	0.275846
2.772743	4.124189
1.353332	0.208327
5.178512	4.886048
5.252348	5.047617
-1.435327	2.223135
-0.199341	0.393640
5.163636	5.925515
2.366722	6.594725
0.711956	-0.656603
4.252350	3.293724
4.639179	2.508620
-2.519300	1.308084
2.915062	5.744912
3.072585	2.647116
4.285114	5.443226
4.018139	4.126494
0.582080	-0.199908
1.683302	-0.365952
4.268165	0.758325
1.014428	0.777779
-1.252290	2.019036
-1.327468	1.027265
3.907265	4.730994
3.396751	6.121625
1.036137	-0.894709
0.877224	-1.622514
5.758091	3.063301
3.810878	3.628657
1.281361	1.155760
-1.627291	2.225656
4.949367	4.373905
3.798867	3.104872
6.095431	6.706911
5.304106	2.921241
2.361566	-0.135835
1.245524	-2.623850
0.669457	-1.399404
-2.299303	3.562661
5.227392	3.527687
2.408775	-1.134126
0.610566	0.050294
3.880202	4.927196
0.133658	-1.699931
0.473455	-1.188821
1.956585	-2.341229
1.399305	-1.993289
2.758430	3.393738
0.293667	0.287416
6.389723	4.156670
2.149910	-0.018616
-1.670320	2.304035
5.726869	3.586768
3.922971	3.836033
3.789424	4.358436
-1.906927	1.826155
1.295049	-0.687901
4.809121	5.521599
4.802812	3.959056
3.964758	3.118919
-1.711522	2.824459
-1.113498	0.465771
2.938730	2.824288
1.194199	-2.871748
-2.739312	3.827351
5.113471	3.426262
-1.176902	-0.450748
0.970665	-0.623440
1.226409	-1.582190
-1.665516	1.351992
5.230382	5.487610
3.791489	3.136921
4.696993	3.357460
3.737399	3.634212
-3.191134	1.498573
4.260972	3.880171
3.134164	0.518730
4.310192	3.999053
4.086302	3.222497
1.426605	-0.141640
4.949048	2.697535
4.057364	1.571630
6.845967	5.469954
3.321369	3.743240
-1.622513	1.861360
4.083303	3.776926
2.451024	-1.181296
4.961581	4.651954
5.450585	2.283422
4.581452	2.214720
-1.150535	-0.004396
0.184260	0.344745
0.994210	-3.156480
3.178301	4.473846
-1.353707	1.648308
0.107256	-0.904633
5.414493	3.927392
4.780572	5.570527
3.312390	3.897538
6.930994	2.792190
1.612987	-0.082522
2.967655	1.707313
3.903751	2.387692
4.884803	-5.092729
-3.046716	2.869224
4.286812	2.516907
0.379945	-1.578042
3.631999	5.918726
4.537941	5.249856
4.311182	5.621387
4.599972	4.167738
6.037872	3.598059
-0.621355	1.480308
3.673778	3.658165
4.067496	1.609429
5.216981	3.765840
4.056378	5.220066
-1.824651	0.782069
-0.813646	1.552748
4.682904	2.193850
4.784034	3.557217
0.540502	1.541394
0.359027	-0.794797
5.284109	5.456577
4.836902	5.030647
-1.775563	1.534669
3.470987	-2.453912
6.118986	5.869680
3.717289	5.540075
1.102283	-0.129980
4.542510	5.420127
-0.988132	-2.543693
-0.740660	0.977261
1.315901	-1.548148
0.763300	-2.976003
-0.192660	-0.364869
1.502323	-1.068054
3.985444	6.653277
-3.024384	2.860652
3.304670	0.584311
3.475433	5.102342
4.234046	0.957125
-0.252316	-0.419486
4.969086	1.998811
-1.416019	-0.967506
-0.731979	1.665206
4.510939	2.522146
4.866253	3.051247
1.326981	0.448889
4.774565	4.135109
-0.155251	0.545875
3.798550	2.503729
3.560351	1.603779
5.579851	5.699920
5.118757	4.136090
-3.556439	2.327874
4.583289	1.317792
4.854145	4.427449
3.803507	5.968515
5.789121	2.698633
5.139541	4.132775
-3.200185	2.643963
0.544897	-0.749375
5.035689	6.310696
5.846781	4.208644
-0.415609	0.868336
4.593026	2.078617
4.284063	1.222089
2.202801	4.296870
3.462318	-2.333968
4.382150	3.162789
4.632067	3.283358
0.426094	-0.329975
-4.446439	4.539612
0.579138	-2.168721
-1.744316	2.459316
5.720571	4.777967
-1.012677	0.518954
-0.028289	-0.046646
4.151619	2.956861
0.129154	-0.486219
-0.410858	1.290895
-1.604111	0.189771
-0.163286	0.017380
1.483082	-1.202345
-0.303214	0.116345
1.781292	-1.281836
0.634728	-0.146365
0.204014	0.231196
5.886044	4.136706
-1.003825	2.206206
4.928823	5.332870
1.511174	-1.822877
3.628857	-3.894712
3.762131	4.356149
0.157875	1.757186
5.394633	3.159037
2.380655	5.246182
1.098525	-1.300440
3.640508	-2.793975
1.840419	-2.468996
4.673917	4.862367
0.604835	-0.603420
2.447171	-1.019350
3.277915	6.484193
6.198998	3.646486
-0.228867	-0.729060
4.723134	1.364917
1.078404	1.435305
-0.549740	-0.000031
-2.861163	3.328251
4.933686	3.784700
0.196848	-0.596455
4.057558	4.020228
2.055541	5.743732
5.127625	5.010745
0.025576	-0.304412
0.599914	-0.084683
-0.207849	1.254169
2.993711	2.900990
2.026394	-1.089190
4.530727	5.019300
0.013418	-1.273656
4.154167	3.424824
3.388664	1.913134
-1.865753	1.698239
1.790201	-0.267827
5.459450	4.364891
0.808762	0.453208
1.339072	-2.603544
0.990768	-2.132122
6.048294	2.819960
5.086101	4.075320
6.032046	7.039930
0.578986	0.435531
5.894621	5.570988
-1.755411	0.093600
5.211414	3.920219
4.013816	4.678308
4.986214	2.917118
4.731617	1.678800
2.040383	-3.108711
0.635690	-2.631380
0.705332	-0.302780
4.127934	2.568163
6.112320	3.719148
3.845253	5.360979
4.038299	5.022778
-2.354068	1.846989
-2.405891	1.191327
4.532222	5.051333
3.491094	-2.528976
4.646619	3.299286
0.585698	-0.079563
-0.935798	-2.054341
0.455780	-2.035280
1.043598	-1.258570
3.266421	1.668955
3.393610	5.715948
-1.188105	2.360814
4.245601	2.779072
5.326186	2.630820
3.777455	6.088064
6.175535	6.510196
-0.463886	0.742935
-1.945283	0.560962
6.180660	2.753303
6.083357	4.266628
0.576468	-1.567581
-3.279883	2.413899
4.091861	5.310963
4.101850	3.132767
-0.811478	1.082223
3.707378	3.959437
0.425117	-1.077917
3.647077	2.690584
4.021837	3.490474
1.899858	-1.808764
5.019577	3.921540
-0.619566	1.071671
3.436565	0.196505
0.165070	-1.099762
4.354008	6.257746
1.017571	-2.719639
0.516125	-2.084749
-0.696036	0.623434
-1.477427	0.275953
-1.873384	3.837510
4.048536	2.119284
3.072285	4.324783
0.070411	1.631115
3.794677	4.573479
4.969582	4.565880
3.695708	2.348544
6.384882	4.527141
0.250765	0.332644
3.903544	4.910656
6.600269	4.879885
0.738003	-1.208941
0.134947	-1.602017
3.806561	1.745144
3.793909	2.634355
0.775639	-2.702584
5.301199	4.240011
3.147656	5.775357
5.734849	4.809677
-1.073657	0.261659
2.659535	-3.241806
-0.345641	2.245557
-1.066592	0.206145
1.482966	-1.025115
5.293576	2.312731
3.519432	2.067180
5.345115	5.507812
-0.786662	0.167822
3.831624	3.436417
-2.142752	0.792022
5.277465	3.779283
0.891627	-1.515330
-1.243098	2.227808
5.206495	5.326031
-1.913017	3.128034
4.446705	5.009260
4.979489	3.074806
5.606970	2.707734
4.972462	4.428990
0.176236	2.203605
4.173179	2.418458
2.499343	-2.172488
4.244017	5.910997
2.944156	3.152703
-2.875707	3.224837
4.098397	6.096729
4.025251	5.159359
4.307218	4.812651
-1.477982	0.067572
4.862592	4.133267
3.603850	4.930845
0.253657	0.565956
2.090113	-0.900183
0.472558	-0.753926
3.698326	3.912692
1.595539	-0.594391
4.623584	4.866486
3.503362	4.942071
-1.617968	1.679700
5.843603	2.170011
4.265829	3.632598
1.194185	-4.386527
2.028124	-1.783979
3.424206	4.997013
-0.853660	0.820843
-0.560669	0.604961
1.828397	-1.792010
-1.097025	2.209534
4.856509	6.185989
3.541476	4.282695
5.566738	4.281575
5.667757	2.061149
-1.146038	-0.736582
3.404262	4.797995
2.429569	-3.010372
0.223166	2.823491
4.420129	1.520174
-1.437351	-0.171338
-0.597538	2.060326
5.129770	4.975551
-3.383624	5.036554
1.441431	-0.567004
-1.215150	1.448840
3.950044	5.006903
0.394394	-0.437177
3.695161	3.741301
-0.197761	0.569538
5.343265	4.263246
5.206734	4.923003
4.590444	5.647289
-0.923314	-0.788553
5.006129	4.670085
4.672860	1.842942
3.431480	5.005743
-0.271240	0.328037
-0.217736	1.010344
-4.240117	4.331461
5.178105	4.617167
4.017863	3.685676
1.722125	-1.338268
5.160332	2.985603
5.476332	2.324790
4.389780	4.722664
4.462923	3.972293
4.611826	5.424348
5.361735	5.777428
4.808592	4.957796
-0.671049	1.613904
6.373341	6.283603
1.895243	-1.633597
4.803050	4.419727
5.895416	3.223199
5.115536	3.413266
5.139295	1.528574
6.476724	5.590845
-0.082854	1.287895
-0.409962	-0.435064
4.640230	4.577269
3.296962	5.434559
3.697679	4.596876
4.810025	3.529133
6.212388	6.310728
2.047399	-2.004995
-1.234902	1.254565
4.161790	4.026095
1.446210	-1.222438
2.603216	-1.061488
-1.532317	-1.312770
2.476253	-2.136621
4.938703	4.622792
2.143693	3.562026
3.354877	2.593051
2.766326	2.748316
-5.143065	4.135505
3.596074	3.681986
1.017403	-3.767795
0.896780	1.137170
3.637555	5.568111
6.616408	3.461335
5.639881	3.814546
0.529289	-1.793620
-0.962853	2.215497
6.105186	4.118781
4.873834	4.074102
4.432085	4.336307
-1.001921	0.267588
-0.309738	-2.273434
3.608995	5.923182
4.435757	6.847313
4.797106	4.641415
4.716680	4.798407
3.975773	2.696350
4.801641	3.760473
4.091852	-3.778005
4.857180	4.342592
4.532290	3.738202
3.590236	2.842101
5.392147	1.925688
-1.472593	-0.533641
3.202718	3.081247
5.685614	1.298079
5.687071	4.195562
-1.414777	-0.603987
-0.217953	1.055300
5.022953	3.335488
5.645133	5.028567
5.961560	5.725567
3.483798	3.728985
4.059566	4.445536
3.800491	3.952736
-0.173907	-3.742719
3.529086	6.407087
4.583123	5.878288
-0.314543	-0.462707
-2.007948	-0.140028
1.841000	-0.168078
3.537287	5.708952
1.099264	-0.155971
4.825054	3.675540
2.719048	-4.067861
2.634610	-0.200214
-0.316992	-0.324932
4.827898	4.373595
2.285795	-1.939222
-2.300002	2.856478
1.555592	-1.274189
4.631795	2.114924
4.463808	2.409640
2.978362	-1.266971
-4.222318	3.671456
4.772243	2.353436
2.001780	2.535725
0.345166	0.825963
4.859787	5.459907
2.000033	-1.428081
4.666152	4.080885
6.238367	3.973172
-3.824173	1.059437
4.535516	3.365359
5.577872	3.663168
4.495028	6.691734
-1.549814	1.817427
4.102567	0.676919
0.503086	-0.850757
3.706970	2.457296
-1.888054	0.838060
0.563127	-1.643281
5.990421	5.097681
4.378187	4.008498
-0.077177	1.379008
2.774281	2.526261
3.816353	-2.000389
2.711980	4.241445
-2.151333	2.474109
5.669012	3.212464
4.982186	3.375902
-0.458166	1.252481
4.506046	4.967437
3.951865	2.226788
-1.535503	0.996477
4.740795	5.462405
4.146695	3.225552
4.067382	3.558752
-3.584408	3.657069
1.496408	-3.162864
3.955218	4.341007
2.722628	-2.727544
3.767392	3.064178
-3.815593	5.687832
2.206350	-1.957766
-0.484749	3.777969
7.366639	3.057862
-2.458229	2.071897
-0.177590	2.106020
4.990264	5.434335
5.205037	5.236473
4.362226	5.106368
3.719959	3.863031
3.808545	3.349863
4.751817	3.920876
5.792753	4.116912
4.882860	4.699833
4.933990	1.888414
6.673832	5.068557
4.108921	3.521155
-2.127593	1.922651
4.532206	3.554152
4.546786	3.139570
0.051880	-0.317755
0.913242	-0.515957
-1.223099	1.163796
0.393699	0.883798
2.839104	5.788183
5.174899	3.310601
3.925052	4.320757
-0.898749	-0.369266
6.017423	5.738742
3.711758	5.938201
-0.446600	-0.593157
4.565283	1.614030
6.209719	3.547454
2.189711	-1.708910
4.203311	3.879408
3.099255	-0.647818
4.158200	3.897698
4.282027	3.976762
6.225380	4.809786
5.057227	3.206756
3.885285	5.515878
0.814498	-1.957520
4.415904	3.253674
3.923180	4.878221
-0.621962	0.481558
3.746272	4.843537
4.647251	4.297217
3.976717	7.474779
1.156067	-1.620293
3.841560	2.701698
1.108899	-1.445877
4.100950	3.221962
-0.166107	1.859548
5.477323	4.522472
5.732356	4.826516
0.951293	-0.454358
1.477215	-0.850896
4.330736	3.181450
1.184493	-0.467919
2.905054	3.272520
4.804094	5.237439
1.249491	-0.923766
-2.225248	0.998628
0.913159	-1.095054
3.008361	5.447612
-0.382408	-0.419217
4.884244	1.222728
-0.253324	-0.862006
5.713962	4.071116
-2.262220	2.426887
-1.397284	2.276205
3.551475	2.726393
-0.607953	-1.444583
4.695840	2.384449
-0.520208	0.441749
-1.917711	1.891672
-0.237753	-0.882206
5.672181	4.298937
2.784456	4.878861
2.857354	4.270743
-0.810490	-0.150383
5.348102	1.656479
4.105172	3.935920
0.866080	-0.544463
4.269264	1.814542
-3.043258	2.107809
3.365194	-1.866844
6.341258	1.294603
5.475459	5.408402
4.149637	2.849276
-1.920298	1.574572
4.071472	4.084209
0.730813	-1.701909
-0.766065	-0.345452
4.813979	2.667195
2.096952	-1.214826
6.121005	6.590611
-2.843384	3.486200
1.125579	-0.846163
-3.490721	3.169099
3.801401	3.718183
0.308988	0.016713
2.975646	-3.862617
5.292047	-2.283832
3.199275	4.236393
3.616030	7.763681
3.215168	5.935467
3.942128	5.848830
1.276742	-2.628502
2.372796	4.817181
-2.033824	-0.314955
4.573008	4.361658
1.418520	-2.936649
1.557998	-2.249452
3.991950	4.763365
5.500990	2.691015
-1.223250	1.772831
3.476003	5.092601
4.119238	0.453011
-2.134055	2.728786
1.590697	-1.593174
-1.131810	-0.001129
3.154925	1.607787
-0.927211	0.310047
-1.318206	0.841001
3.979476	4.197058
1.976581	-2.508455
3.262503	6.877722
4.895685	4.756728
5.126738	4.728044
4.746245	4.593288
1.917551	-2.244012
5.107607	2.079094
4.942213	3.765566
0.359685	0.216721
5.559783	5.409611
4.414447	2.552671
-2.185384	0.043861
-3.900433	2.859001
1.650394	-3.076096
-0.351889	-0.109730
0.260316	0.475323
4.897583	5.626624
3.319261	6.187572
4.805363	4.021714
4.211095	2.411893
0.213160	0.055555
3.256050	3.815894
5.042837	2.955935
-4.046713	2.978675
1.678645	-1.813128
5.080809	5.537736
5.485122	6.756974
-1.850732	1.120180
4.385950	6.620310
4.946104	3.439054
1.157633	-1.106185
4.327494	3.937118
-1.175313	2.875247
4.933915	3.727747
-0.404963	-0.416163
5.034562	5.106417
4.751703	4.140457
3.998446	3.885121
3.908004	4.375205
5.580844	3.440401
5.099060	5.577086
3.309175	1.508727
-1.699280	3.138496
-1.792233	2.193141
0.148369	0.472796
4.871549	-4.858645
-0.216437	0.211373
0.513105	0.319869
3.866583	5.250128
-1.574980	-0.116786
1.409861	-0.835219
0.326251	-1.037016
3.586846	4.546634
3.914921	3.542233
4.961495	3.694539
3.000209	4.291771
5.195864	3.919944
-4.544089	4.958650
3.585196	2.419950
-0.686910	0.699195
3.984382	-4.716988
2.738614	-0.619582
5.693571	4.141245
3.900269	3.906298
-3.029900	3.467855
3.904742	4.261832
-0.085873	0.065947
0.069590	0.355844
-1.823611	1.118425
-0.752868	2.862593
6.170749	4.784371
4.585785	3.168558
4.315710	5.730847
5.209505	1.743791
-0.392474	0.824315
5.169786	2.710015
5.360670	5.617532
4.633723	4.708015
4.664195	6.364156
5.065896	3.208394
0.036688	0.740163
3.616021	4.430631
3.040133	-2.705622
7.056650	4.398975
4.002077	2.398687
-1.264498	1.289771
3.145585	3.515059
3.450043	4.896052
4.577090	4.913908
3.919074	3.836248
1.890607	-0.066153
0.436238	-0.632099
-0.541425	0.600358
2.929333	2.330055
-2.062836	2.359566
5.370246	5.738466
3.801384	7.360647
4.788618	4.102674
6.178740	3.130552
4.226595	3.498668
2.938003	4.298053
5.133188	3.834278
3.950174	2.513315
-2.415626	0.696090
4.777126	3.038223
4.435944	6.343232
3.510718	4.272559
3.866257	5.811129
5.675188	5.128308
5.934438	4.922068
6.963524	4.020260
1.685397	-1.731021
-1.008902	-0.787963
3.911138	2.680839
-2.128475	1.780622
4.401343	3.835595
2.903115	3.412818
4.039867	3.891297
5.576311	2.975981
4.834417	4.654399
-3.499866	4.589431
2.168213	-1.382283
-0.352572	-0.001766
2.915458	3.593248
3.820051	2.217565
-0.605652	0.851721
-1.094247	2.773109
4.611237	3.271350
1.164846	-1.564552
4.648996	4.068381
1.405631	2.024422
3.314952	4.393196
3.545509	2.430551
4.084904	4.313042
-0.337896	1.361654
1.399798	0.519239
3.136760	3.845162
0.014642	-1.636692
-1.750536	1.457127
5.993095	4.244341
-0.595058	-0.680322
5.360166	2.980676
0.583409	-0.418327
-2.310621	3.702370
4.547521	0.519398
4.414762	5.839458
-1.267667	0.982548
4.302271	3.308940
0.142208	-1.447962
4.876184	3.295646
4.036969	3.871864
-3.340383	2.724712
5.446393	5.348687
-1.758277	0.564436
0.000575	-1.850184
-1.556828	2.757948
4.208852	4.643932
-1.253699	1.498140
6.312349	5.090654
3.351681	0.405134
-2.359617	3.474607
3.945597	5.441177
-0.497241	-0.324846
2.551432	3.113613
-2.231290	0.123241
5.097533	4.754972
1.433214	-0.475670
0.115930	-2.168059
4.059329	0.847987
3.948453	4.311542
4.129166	5.913148
4.228025	0.965188
6.184974	3.520888
1.360518	-0.495756
5.331348	4.204206
-0.291418	1.824224
3.292439	-1.512805
4.257577	3.989327
4.127970	5.424205
4.621302	2.462734
6.498244	3.962780
2.248786	-2.284340
4.626399	4.271726
2.761372	3.628433
4.176293	1.544410
1.757238	3.512945
5.448322	3.938701
-1.712074	3.078457
4.838939	4.354174
1.348451	-0.914406
4.599464	2.203943
0.329335	-2.601662
2.361135	-1.987426
5.705070	2.218943
3.781287	3.884108
2.154007	0.258597
-0.992990	2.143269
0.009962	-2.172937
0.391369	-0.848188
3.383959	5.159017
1.108189	-0.505291
5.127817	5.586477
4.089757	9.206613
8.063559	3.613539
4.296217	2.286626
4.834889	2.335782
0.932467	-0.081657
4.998577	-5.656884
1.731721	-1.200439
-0.495259	0.134687
4.254606	4.103230
3.555580	3.688914
0.464933	0.281008
-0.916928	-1.301969
4.919450	5.743188
0.550810	-1.162885
2.091834	-1.305087
3.389731	-0.372693
3.600724	4.142271
4.444916	-5.102525
2.974750	-1.805977
2.791727	-2.102247
-0.622880	0.058264
-0.496410	1.228650
3.440249	-4.369973
5.270899	3.869715
-0.376265	0.695627
5.753589	4.040161
2.480886	-3.146133
3.515819	6.566201
5.076548	4.774175
0.716279	-1.004616
5.186026	4.425031
0.789657	-1.553025
5.798631	3.705379
-0.168493	-3.371506
0.299451	0.607704
4.146866	2.621257
5.257084	3.901355
0.483431	-1.601545
4.018797	3.248623
0.504407	-0.398357
0.014600	2.011795
1.705344	-1.549751
4.939478	3.389470
5.348998	3.103328
4.555274	4.068224
5.203578	3.542576
0.493598	1.739832
5.419214	2.700828
3.969632	4.697530
1.036871	-0.091797
2.258977	2.221144
5.536421	5.116247
3.020689	3.501663
-0.664352	-0.433533
3.194963	4.281220
4.113779	6.315431
4.570913	5.257278
2.618078	-1.033171
4.442725	5.465089
3.645797	3.973048
4.575723	4.436505
4.512078	4.622613
2.753885	-4.905625
3.980500	1.631443
4.814963	3.529324
4.551557	3.638777
-0.095456	0.250116
-2.431675	2.349186
5.274596	3.624746
1.991804	-2.134409
3.896550	6.585290
5.222612	5.401866
0.651756	-0.881899
2.931184	-1.854108
5.727603	5.542024
-0.815120	1.745344
1.173231	0.764055
4.231086	2.971796
1.894446	-2.118854
-2.085434	1.678203
3.665402	2.005244
4.785323	5.084204
4.370151	2.253614
3.625084	6.294875
4.963518	5.449619
5.235467	5.558369
5.463756	4.842190
-0.279616	1.512826
0.892776	-0.508308
4.278792	2.737758
1.649702	-2.194367
0.523350	-0.386403
3.680798	5.852679
-1.624040	1.453052
3.685882	2.456726
0.694845	-0.256769
1.807127	-1.449154
4.553098	3.472909
5.275871	5.004595
4.731951	2.734213
0.803097	-2.395800
0.562283	-0.903583
-1.392190	1.421907
-2.338832	1.091247
0.228655	1.173572
4.326042	4.660538
4.267144	2.962251
0.452467	2.054579
1.029519	-0.629715
4.403602	4.220834
0.661756	-2.195109
4.492581	4.812087
4.384907	1.965618
0.370628	0.122018
5.143804	5.113631
5.824781	5.076218
-1.378736	-1.223733
3.403095	-2.727885
5.503152	3.428135
1.179156	-0.524798
-0.276528	1.441949
2.798999	5.404179
-4.505468	4.845911
4.409363	-5.022780
-2.075990	2.144065
4.506349	4.381176
4.532536	3.088007
1.801608	2.520436
1.677540	0.066665
2.940516	-3.725060
4.798035	4.667001
4.339064	1.244841
1.952405	-3.409925
-2.493996	3.880295
-0.284470	0.691474
4.513034	5.038754
-1.643647	2.639847
-1.825078	-0.623131
2.520984	5.899744
-0.769551	0.011586
-0.615439	0.947225
4.638223	1.333519
0.368731	-1.968438
4.514053	3.609138
2.856056	3.381891
0.123387	-0.329341
4.900328	3.344446
3.474710	4.082566
3.104507	-2.037611
-1.158637	0.751528
2.363489	-1.832063
5.015181	4.237732
3.741140	-4.291020
1.662092	-2.151037
3.559444	4.713716
3.957148	4.293366
3.687054	1.103282
2.892953	-3.111031
6.379965	4.612566
1.448602	-3.689592
1.858732	0.273533
2.162799	-1.188972
2.284159	2.006015
0.119627	-1.386067
-0.286372	0.309016
5.918881	4.169116
3.137248	6.728356
4.654014	4.374832
5.665312	3.747888
4.995946	5.549061
0.529733	-1.239563
-1.811117	2.452537
5.352555	3.191344
4.334258	5.710851
-0.861191	0.020266
4.532955	5.618778
2.970027	4.360545
4.959363	4.674094
1.764114	-1.025431
-0.177442	-0.183706
-2.651599	-0.565141
5.562985	6.123563
4.307661	2.392175
0.839956	0.844466
-2.669093	1.220656
3.832152	4.585975
1.756742	-0.018889
-0.770235	0.974252
0.874166	-2.314644
3.830008	4.460846
2.736127	4.355004
5.196376	4.365072
5.058453	2.184390
2.853107	3.719904
5.320839	5.625665
1.941189	-3.474416
4.680068	4.043331
3.812743	3.491498
-1.881535	0.887385
3.406796	2.327923
6.038771	3.299655
4.916315	2.479745
6.409817	3.014070
3.894061	3.748803
4.318370	3.129891
4.986306	6.074571
2.377274	-2.227734
4.891031	1.634688
0.742804	-0.564365
2.097025	-4.007365
6.125929	4.043287
-0.497541	-1.256272
-2.499032	2.230487
-1.387534	1.083570
3.812826	3.205633
5.516784	2.353513
5.194031	4.213244
-0.702333	0.601025
3.659448	5.525268
-0.790198	1.078989
5.811622	1.692772
3.386499	1.203398
-0.503833	0.773290
0.407738	-0.454171
-3.223203	3.801158
4.615900	5.570894
4.947136	5.319740
4.084752	4.011602
4.818714	4.979224
0.279760	0.106362
2.277354	-1.799470
-0.142194	0.857361
2.712127	-3.317142
3.727226	6.353151
5.953930	4.963816
1.887444	-2.020623
2.880320	1.621691
-2.304756	2.293973
5.045037	5.400056
-1.261016	-0.831478
1.424355	-1.059147
2.944514	7.003077
2.167548	-2.560948
3.029156	2.984594
-3.738178	2.333484
3.492456	6.574879
6.558598	3.229202
3.994994	5.022390
3.794470	5.941320
1.143974	-0.802883
4.839552	4.319251
0.424356	-0.358635
-1.644702	0.764554
1.919704	-0.649515
3.418520	-3.367463
5.978793	2.501442
3.779106	5.227312
-2.784893	3.288849
3.822372	1.168014
5.074852	2.022857
4.784353	3.973719
3.471588	6.317902
3.698842	4.750994
4.652151	4.481499
-2.128158	0.162104
4.479101	2.911589
1.589571	-0.796341
-0.943049	1.622727
2.482140	-1.185619
1.691915	-1.292942
2.341008	-0.913823
3.429000	6.600191
2.804966	-2.893579
4.435148	3.517690
4.653557	-3.609914
-1.417505	0.460926
4.942335	2.923916
0.632720	-1.685222
0.058814	-1.364161
1.296784	-1.626426
-2.389275	3.732664
-1.009855	1.750634
4.776846	4.166358
1.541229	-2.473277
0.348387	1.796526
4.111750	3.045001
1.280422	-0.062231
-0.012171	-0.747333
3.983164	5.152276
-1.104619	2.031411
-0.922282	2.341100
3.756756	6.048785
-2.679270	2.409412
2.758900	3.773356
-0.780231	0.374041
2.616905	-3.104557
0.003715	-0.763321
3.624260	5.161699
3.760208	2.850588
4.730283	3.031321
-2.947355	2.603942
-1.438879	1.055761
-2.572706	1.716727
4.856587	4.145999
4.335825	5.283972
1.281483	-0.759200
-0.758101	-0.169916
0.000407	0.200936
4.668131	3.889879
0.242345	-0.071314
-0.161463	0.599147
4.909182	1.989504
4.845144	6.227885
-2.057516	0.931236
1.033598	2.052806
-1.718525	1.396225
2.416757	-2.669306
6.075915	1.282992
3.466968	4.288245
2.590292	-0.116814
-0.686532	1.927185
-0.388568	2.932025
5.159575	6.541547
3.456099	3.823610
-0.091309	0.765612
1.435326	-0.760129
4.546595	8.297440
1.672341	-0.991858
0.997924	-1.774894
1.918920	-1.475687
-1.087523	1.407413
-0.139916	0.786208
4.714730	3.913368
5.434187	3.321541
4.703419	4.749260
0.929636	0.336180
2.881027	8.476022
4.178732	5.292157
-1.861090	1.916083
6.621318	4.836542
2.152831	-0.701490
5.442870	3.255034
5.222255	3.803243
1.200493	-2.771343
4.428022	4.766743
5.794600	4.022949
-1.045840	-2.175804
4.385132	6.161954
0.821539	1.094077
1.330824	-1.682265
5.696467	4.172906
2.997474	-4.172832
4.611497	3.362258
2.752502	4.192995
4.526380	5.299642
5.580023	3.821998
1.124430	0.604403
0.166601	-2.764583
3.180797	2.846077
1.164572	0.178563
3.246381	4.134473
0.784279	-0.429448
4.048514	5.368053
-1.893730	0.914920
2.133206	-1.154055
4.830836	5.018609
0.090808	1.010919
0.655864	0.161100
5.283262	4.324286
5.646140	5.826499
-3.024182	4.755430
-3.637662	6.711440
5.764332	4.521683
4.335062	4.715811
-4.271477	4.731200
0.386999	-0.078489
-2.180555	-0.126272
2.864742	-1.567953
-1.616247	0.433784
4.444984	5.204196
5.776781	4.266581
3.171300	2.198777
4.876419	4.786250
-0.413729	1.495383
2.376166	4.702304
-0.263867	-1.218594
1.246270	-2.290063
3.051348	4.865740
3.945210	4.192634
-1.183714	1.796693
1.028642	-0.272739
4.881401	3.512124
3.887764	7.978278
2.990074	4.661256
0.568870	-0.604613
-5.785221	2.801333
-0.098817	0.104055
5.208826	5.869816
4.256259	3.825984
1.255543	-1.407096
3.757487	4.976018
4.686038	3.480939
4.185324	3.471036
3.784375	4.615249
-1.703406	0.043166
5.248841	4.256966
0.272273	-0.464151
0.400942	-2.162162
3.461964	1.925186
-1.001221	0.873586
-0.909167	1.265793
4.686245	6.076887
5.088890	3.884753
4.201213	6.396386
4.495099	5.227602
-2.449505	-0.775886
-3.041180	0.589700
0.163277	0.048861
5.703410	1.822782
0.150158	0.511764
0.762947	-1.512335
3.035405	0.067968
1.917220	-4.308474
0.549242	0.587987
0.560089	-0.089286
-0.272490	-0.324965
1.379670	-1.345510
-3.020349	1.219533
1.653842	-1.330896
0.402035	0.399805
2.760381	4.685170
4.366292	4.972403
2.489628	-4.138611
5.439720	2.527510
5.187056	5.519437
-2.339251	1.271299
4.215618	1.076807
3.926166	2.661422
-0.165491	0.433964
0.425050	-1.868675
5.403180	4.024662
-1.217003	-1.924920
5.806818	4.535104
5.081286	5.045674
-2.922484	1.128558
5.111935	2.990915
4.859118	3.192479
4.465548	4.095474
1.954074	0.228813
3.753718	3.127897
4.622391	5.709397
3.495198	5.478646
5.088168	8.209131
4.505576	5.677583
0.394386	-1.203814
-3.999907	2.289030
3.829704	3.261119
4.138223	5.228123
1.239409	-0.750371
0.111382	0.634385
-1.100471	1.374998
2.481904	-2.689715
-0.980323	1.467126
4.265886	2.467061
5.582855	5.254208
3.866546	1.896972
-2.934612	4.501173
0.286463	0.495950
-1.148314	0.755453
-1.089520	2.703201
1.838440	-0.971334
1.118115	-2.263856
4.856672	3.319162
3.912117	3.839083
4.382882	-4.283216
2.458322	-0.340056
4.253213	3.363257
-1.073220	1.228008
0.362122	-0.430537
-1.537036	1.209136
4.462949	3.576931
2.305299	3.269724
-0.389955	-0.618563
6.198200	6.666525
-1.466836	-1.719124
0.039138	0.173226
6.217329	2.984076
-1.115395	2.463109
-0.617231	1.103981
-1.854784	1.898737
0.788963	1.233176
3.614253	3.633058
5.699523	6.526559
1.058572	-0.845532
1.611608	-2.206910
1.138932	-0.297169
0.825164	-0.006214
-2.473465	3.593263
-1.341922	1.482842
4.946478	4.589545
-3.889819	3.078531
0.323995	-1.234743
2.647799	3.495247
5.187110	4.749728
-2.121054	1.593320
4.408790	3.904645
6.124618	3.525412
-2.445216	3.297932
4.826528	7.504063
5.396473	4.459053
5.642321	1.829528
2.184880	-0.534868
-0.753756	1.328982
1.822441	-1.008359
3.766787	3.580429
5.103283	2.855358
0.795096	0.418599
1.316336	-1.874597
1.740944	-3.877762
1.855151	-1.953542
-0.227020	1.301867
-0.834193	0.882123
4.336282	5.412290
3.142035	-1.938164
4.695794	3.150898
5.050630	5.562115
4.553337	5.232213
-0.810998	2.010667
4.814066	3.169193
0.230837	-0.918582
1.524610	-1.828008
-0.881272	-0.402149
-1.088185	-0.691832
5.021773	4.263954
5.395313	3.156792
0.040861	0.577861
-0.100099	-1.080431
-0.283747	-1.153943
2.217094	1.244461
3.920689	5.688553
1.488309	-2.218691
-1.166515	0.936686
-3.770288	3.696058
4.935934	5.429400
4.844015	6.034349
0.156273	-0.663854
3.576947	7.015532
4.010944	4.692422
-2.452131	-0.008490
1.008633	-0.703310
4.965737	2.877619
-1.108076	0.328963
-0.206608	-0.488050
-0.042532	0.903108
5.114711	0.770927
-1.240148	1.003219
-1.981944	0.309522
4.304470	2.060483
0.400769	0.255077
4.713463	1.841444
4.809649	2.657550
5.518135	7.451048
-1.263773	0.857386
3.807481	2.899558
-1.327499	3.022392
0.817926	-0.755481
-2.351801	2.348431
-0.163752	1.289535
-0.665195	0.729429
3.143678	5.244251
4.175554	4.901812
-2.286426	2.496077
1.952886	-3.470167
4.205526	3.429948
4.298753	4.733537
4.163183	2.015829
-0.302815	3.058640
1.714151	-2.560141
3.349671	5.286367
-4.876839	2.986501
3.508275	2.902978
5.449043	4.458919
-0.532106	2.062277
-0.472884	-0.407905
3.312808	4.846743
4.761603	6.258605
2.049188	-2.427844
0.526378	1.158132
3.075715	-2.728724
4.420480	5.830426
-1.663452	3.220185
1.114895	0.141982
3.677593	4.315977
0.836978	-0.731241
4.546248	6.250655
4.773592	3.909973
1.302526	-2.421100
-0.624214	0.525292
3.960227	2.656795
-2.115045	2.406249
4.386583	4.437655
0.209215	0.135480
1.035037	-2.174230
2.082716	-0.484204
-1.136911	2.454540
3.989308	3.344862
3.835936	6.147707
0.748465	-1.337160
-1.521996	1.200986
3.155354	-2.435782
-3.357544	4.247880
0.513994	-0.773975
5.553338	-0.417933
-1.738170	0.978073
2.092351	-2.577074
5.018913	4.109562
-1.273983	2.367018
1.645336	0.437575
5.176706	2.745678
-0.570325	-0.538101
4.330667	-5.075325
0.827654	-2.127334
7.156163	6.191722
-1.000632	1.790147
3.658367	2.981962
4.674639	3.922628
-0.316978	-0.861034
4.057761	-6.391875
-2.713812	1.680705
0.679272	0.333257
5.033299	4.094967
-2.150694	0.327748
-2.233063	1.039010
2.966748	3.254115
-0.896853	-0.634881
4.888990	2.986010
6.006234	4.516774
6.136968	4.893386
2.590759	-2.195630
4.945504	3.441325
0.965152	-1.667405
4.301064	5.163966
5.848638	3.727595
4.432362	4.467524
-1.543945	1.676474
5.417312	4.083627
2.351657	7.994637
-1.743796	1.102199
4.476052	2.303038
-2.805483	1.843349
-1.497792	0.166652
-3.147444	0.513724
0.145779	0.128237
4.648278	4.449419
-0.921987	0.251228
-2.750336	2.387749
3.611157	2.147179
2.873621	4.273265
3.913210	4.886629
4.548603	4.717733
5.847427	3.773495
5.046222	2.060322
-2.803593	2.947840
5.077191	3.710285
-2.518079	2.008724
0.452931	1.637405
-1.440766	1.471007
2.386748	-4.302846
0.531647	2.058580
-0.678639	1.663504
1.733327	-0.712596
1.793979	-1.670555
5.053548	3.472165
2.470742	0.727796
4.731526	3.576957
5.526328	4.646202
-0.880698	1.513898
4.325866	1.127516
0.688617	-0.842702
0.255675	-1.530506
-1.603243	2.004721
3.551134	5.809830
2.986194	1.461169
3.143302	4.118930
2.261431	-5.408512
4.518458	6.185854
3.027797	1.721930
4.356659	3.973484
-1.717643	2.581763
-1.259102	4.146746
2.700652	-1.215760
-0.490607	-0.845714
-0.477337	-1.041724
5.531203	4.172608
2.475027	-3.567595
2.940522	5.226131
-1.613131	0.119799
6.387392	2.341886
-0.709777	1.581486
0.919734	-1.742468
3.965213	2.242601
2.346452	-3.642833
1.993002	5.935459
4.830260	2.509834
0.885904	-0.693598
4.500232	5.500878
-0.313706	0.482157
3.892394	4.411897
-2.580862	4.789887
1.903455	0.011283
-0.317833	1.952246
0.271011	-2.423927
5.705526	5.866049
4.069960	5.876809
-1.067220	2.328814
6.324129	6.663395
-2.464602	2.349642
5.945202	3.064843
6.627602	1.634828
0.564108	-0.914445
3.919521	6.026664
5.168969	4.588006
2.984014	3.797678
4.169896	4.326358
5.144480	0.236861
3.577521	6.402924
5.027922	6.499910
3.273196	3.427500
-2.901006	2.434254
4.956735	1.997847
3.471411	3.675582
2.486576	3.175338
4.028300	2.364509
3.954834	4.651815
4.076408	6.252315
-1.782330	0.574845
0.836739	0.151412
5.129189	-4.233981
-1.592914	1.436308
4.116268	5.869060
-0.451938	0.631814
6.084683	4.683506
-1.926908	-1.030473
5.304695	5.673879
-2.738347	1.948200
3.799604	3.632013
5.595639	3.171985
-0.006678	1.519636
6.280820	5.494375
5.072385	2.821650
-1.847821	1.661930
2.038567	-0.346362
4.181309	5.136214
4.591235	1.918358
4.781643	3.557296
5.458905	2.081428
-1.888885	2.013744
0.900074	-1.304974
-1.059788	0.113865
-2.497009	0.943035
0.261640	1.791575
3.489847	6.303514
-0.765675	0.575368
5.588526	1.481639
3.036653	-2.936987
-1.103977	1.982428
1.045271	0.275387
3.543429	5.557398
5.009553	4.928623
-0.449771	-0.378846
4.230194	5.929544
4.853159	4.392256
-0.779141	0.730664
-1.416737	1.323152
6.242244	6.668160
5.507932	4.302260
4.608004	4.957317
2.117640	-0.427038
1.378364	-1.286345
3.999202	3.916703
2.091143	-1.046095
5.045213	1.554762
3.242704	6.726899
-1.465725	3.563372
2.936105	3.196332
3.019680	-2.510314
5.327525	4.755932
0.518822	-2.213891
6.067099	2.551698
6.472734	4.595712
5.358049	3.954285
-0.189299	-0.836483
0.434131	-0.153591
-2.755079	2.931712
6.304544	1.030639
5.857763	4.054293
-0.014136	-0.983569
-3.119029	3.643538
3.585421	2.230028
4.927468	3.100038
-1.542552	1.292483
-3.589867	3.652746
-0.023962	1.848478
-0.785638	-0.361075
3.759798	0.315335
0.698273	-1.549228
1.636721	0.392987
3.671981	2.045500
1.945317	-2.743440
-2.050226	2.850166
-3.038144	1.911176
6.016766	3.022160
1.402644	-0.406016
1.059359	-1.665895
4.619346	5.655275
3.807497	3.928685
2.693453	-1.647725
5.793438	3.554214
4.932149	3.126504
4.149147	3.740559
4.214585	5.618661
5.796134	5.319842
3.984530	3.740335
4.030706	4.549266
4.355494	4.397650
2.936285	3.689200
5.201141	4.054469
5.464518	4.449211
-1.449560	0.761660
4.837573	5.382011
4.119533	4.526261
4.303387	5.042170
2.962278	-3.880595
3.244515	5.392534
6.045260	2.569716
4.760419	2.793898
3.247483	3.347839
-1.472619	1.950883
2.841895	-2.515543
1.028479	-0.500842
4.130051	5.065181
4.889859	2.297697
3.631768	4.962545
5.351344	5.349751
3.293038	-3.652667
0.695377	-1.112793
4.435354	3.918506
6.257578	5.518985
3.533570	4.642313
3.842189	4.575886
4.091074	2.739716
4.670914	1.753930
-1.037825	1.481734
3.339966	6.403293
0.522851	-1.327446
-1.521687	3.035688
2.187360	-3.666423
1.790748	-1.726614
-0.716082	0.367359
5.417069	2.773312
0.062218	1.622889
4.054377	3.250535
5.129008	4.313078
5.373490	5.632387
3.980078	3.626312
2.727859	5.374713
-1.348257	1.574121
2.492253	5.241881
1.233481	-1.001351
1.796607	-0.505639
-0.237402	1.608170
3.228105	5.237966
1.517328	-1.604292
4.861938	3.371274
0.132174	1.089996
0.860079	-1.832861
2.770903	-0.367903
3.957291	5.821954
-2.426463	2.518011
-2.373243	2.218258
2.366887	-2.223034
3.689232	-2.452853
6.148974	3.019030
3.742433	1.272549
1.096896	-1.359968
4.685398	5.508234
-0.406617	-0.989744
-0.170784	0.462128
-0.409148	-0.054872
-0.587158	-0.064767
-2.015570	2.508456
4.684941	1.703172
5.200757	5.715317
3.778557	2.995545
5.031706	4.295500
-0.170388	1.356952
-1.875583	2.457648
5.194181	3.941648
3.938262	5.064999
1.528051	-3.469263
0.848528	-0.999589
2.564205	4.079887
4.817582	0.699449
1.081983	0.708809
5.427649	3.676212
-0.690734	0.909441
3.296433	5.082927
-0.125599	-0.060823
-0.594159	-0.191432
2.521202	-3.291402
-1.239801	1.954495
-1.125690	0.341642
5.028026	6.230787
3.385074	4.856787
2.479772	-2.424907
-0.586420	0.249801
0.052545	1.213384
4.083545	5.519865
5.040767	3.648420
5.098760	2.431222
-2.088311	1.246066
1.703138	5.738922
4.845828	3.168366
4.834637	3.460265
5.052685	4.909652
5.374083	3.206462
5.211813	3.647288
4.946511	1.917863
4.659757	2.876667
1.878270	-1.736974
3.467897	-4.628777
0.491847	2.210929
5.591110	2.872201
3.442571	2.812863
3.635216	2.597286
3.268754	-3.132496
-0.818409	-0.875345
-0.667804	-0.607405
0.981639	0.115789
1.634227	-1.560219
4.298352	5.016971
4.376669	3.488054
-1.836665	1.299762
4.126144	3.653529
-0.525173	-1.192135
2.014251	-1.651147
-1.273288	1.082714
-0.631181	0.107886
4.792476	3.261367
5.474278	5.539027
0.241848	-0.023686
4.573147	1.411903
2.088940	4.070311
3.369334	1.550240
-0.360497	0.991577
4.828603	3.750540
0.585221	-0.975212
-0.271463	1.740616
2.126068	-0.633164
-2.640992	2.510774
-1.222508	-0.778575
-0.173512	2.002846
4.346294	5.832572
0.352117	-0.651876
-0.438444	1.166152
3.948797	4.022536
1.904278	-2.913381
0.935802	0.628569
4.391716	4.848115
-1.375711	2.347647
4.726631	5.156256
4.426307	2.273798
3.908505	2.838786
0.961089	-0.112768
0.813500	0.282382
0.656951	-1.698693
1.869492	-3.204632
5.808621	3.809679
5.582777	5.838386
1.379126	1.164047
0.701345	-0.779679
4.589324	1.954402
3.095516	3.527039
4.433781	3.405951
0.048883	-0.076983
1.154523	-2.330620
3.366269	2.731970
1.187967	-0.941172
4.557993	3.727870
4.202760	2.281694
-0.793383	0.662671
1.546687	-1.372163
3.039906	3.047745
0.975892	0.126639
3.434597	-2.404056
-0.215426	1.206769
3.936896	2.628248
4.044743	3.344194
5.013972	3.447036
5.348334	2.662482
4.379993	4.285161
-1.804818	1.919104
2.879825	4.636996
2.283263	-1.593898
4.755277	3.122824
2.601493	3.722772
-2.091340	1.953641
4.303634	3.889875
4.519041	2.003689
5.027767	3.794981
-3.594833	3.114509
0.178413	-1.680581
4.659389	3.736035
2.737126	-1.396808
4.093183	3.538493
-3.134548	4.550802
5.645751	4.174331
5.049668	4.036019
-2.639363	1.580820
5.053864	4.366361
-2.830651	1.791434
3.465617	5.109986
0.270939	-0.869887
-0.704664	-0.498171
5.785222	4.265883
3.173601	3.271352
0.501747	-0.668683
5.131987	4.573596
1.765506	-2.102312
3.863855	0.953434
0.579776	-1.339191
-1.723957	2.378984
4.255934	2.455747
-2.928212	0.199930
0.438236	-1.346627
4.403994	2.061299
5.646805	3.755538
4.879514	0.403770
5.352410	1.429415
0.766045	-1.315647
1.373771	0.328652
5.384998	1.356316
-2.243097	1.049643
3.398196	4.049188
1.569478	-0.537314
4.505940	-0.122972
-5.367945	5.495715
-0.319526	-0.316061
5.593465	5.364599
3.780330	3.471710
-4.536072	3.109902
-0.562530	-0.078022
4.417710	6.085236
3.493121	3.760915
3.841738	3.629019
4.424564	2.466527
-0.484162	0.132764
0.345397	-0.204698
4.793779	4.457696
-0.260721	-0.723565
4.239132	3.982702
5.654529	3.353014
0.764470	-0.990574
-1.158227	1.026129
4.318420	4.986569
0.269487	-0.071662
-1.472104	4.328078
-0.913875	0.178938
3.751950	-2.756539
3.214453	-2.608699
2.784620	-2.728933
5.837752	4.810898
1.836961	-1.485636
-1.543624	-1.197456
4.221536	3.475773
5.310835	2.417420
-0.677263	0.237276
5.284018	2.984778
3.820930	3.308545
0.432103	0.777329
0.767356	-0.419295
2.245164	1.545659
6.072274	1.455492
-3.015982	1.157646
-2.216746	3.951819
4.087567	2.553427
5.597363	5.579073
1.156584	-0.733696
4.768761	4.734286
2.356921	-0.849673
3.451203	-2.128272
2.802068	-4.050908
3.196576	4.520721
5.810400	4.194313
4.332632	-6.198746
5.424484	0.673840
4.530965	1.297541
4.376393	1.686417
-1.300797	1.874550
-2.646303	-0.376761
5.459286	3.426532
1.106409	-1.897453
4.622774	3.609623
4.015465	-0.746097
2.732535	-2.547233
1.765864	-1.213349
5.674955	3.555394
-1.146170	0.983839
3.440839	4.452828
3.523827	6.476690
-2.333032	1.804332
-1.542015	2.379494
0.166064	1.716523
5.559729	4.041233
6.755240	4.019743
0.259141	-0.970733
4.117564	2.964236
3.261086	5.095412
3.596107	5.275331
3.337430	3.517176
-0.990830	0.209896
6.167279	4.295542
-0.713240	-1.590066
6.138378	3.593563
-2.109442	-0.383747
0.474679	-1.466618
0.060572	1.806235
-2.456531	2.310117
3.034199	3.521423
4.018052	6.391624
2.879187	4.181508
5.978496	4.600736
2.317630	-2.719455
-1.842256	0.912148
5.227861	4.630360
-3.664169	3.323502
4.749331	4.241073
4.171398	5.274359
6.638399	5.413815
-0.432993	-1.118882
-0.760424	2.735679
4.688683	7.632869
3.625865	5.486659
3.937171	2.638433
4.247098	3.499090
-0.026129	1.610079
-2.308236	2.899709
4.001849	4.969056
3.951073	2.434910
2.621705	4.406192
4.703827	5.093877
-0.697277	2.023733
5.557447	6.272547
-1.711306	1.552145
1.112660	0.735893
-0.335414	-0.139647
4.490167	7.088562
3.839259	4.488232
-2.402554	2.642702
-1.466062	1.221948
5.173024	4.882914
-0.429521	0.758696
4.474150	3.335348
0.749593	1.087587
6.106944	3.185015
0.014855	-0.125120
0.053279	-1.903773
-3.485303	2.673569
3.381485	-2.936582
0.391801	1.336973
0.104676	-1.431463
2.838685	-3.210290
5.726291	1.614627
-2.239382	2.795725
0.767939	-0.830156
0.921857	-1.185271
-0.850838	1.084997
-0.531501	0.892261
1.894729	2.270097
4.135181	5.261476
5.124427	2.730658
3.928135	4.623511
0.375983	0.828775
-1.864124	4.793903
7.190936	3.402071
-1.326280	2.043742
3.707165	4.469204
0.646761	-0.741330
1.191233	-0.858900
-1.827551	1.071193
6.923342	4.257616
4.965012	4.880425
-0.268239	1.570069
6.043376	2.826382
-2.553346	3.320921
6.118493	2.571064
3.048525	3.885520
0.968411	-1.593454
3.861706	2.774404
-1.650294	-0.246470
4.815819	4.174865
0.328318	-0.312084
-2.497406	3.298220
4.827346	4.068607
4.726898	2.922210
-0.285979	1.379869
5.299488	4.262838
5.726567	3.914330
-1.518866	2.626674
3.186318	-4.285902
0.728323	-1.575783
3.814654	3.959806
5.382445	6.487647
5.002924	5.435765
1.699507	-0.921428
5.329664	4.749833
4.550008	3.219972
4.821360	4.723554
1.204408	0.409163
6.230251	3.547645
3.756166	4.316291
2.095121	-1.967564
3.037311	5.522595
4.868737	6.017759
3.105357	1.919972
4.793208	4.170531
-2.936630	2.299968
3.733296	-2.500466
0.381554	-0.689315
4.355223	4.434655
4.495275	4.528726
-0.159319	-2.725117
3.517814	4.804594
-2.338665	1.771281
-1.748282	1.588723
0.822786	-0.907913
0.477089	1.241068
4.179140	1.873783
4.334053	4.599294
0.643024	0.729820
1.734692	-3.075694
6.879882	2.221627
0.947951	1.060289
0.512004	-1.382988
4.284787	1.574822
-1.363680	2.346939
4.741906	2.788118
3.998364	3.510227
-0.249874	2.360338
5.353933	1.687730
0.477562	-0.606203
0.723329	-0.830921
3.839735	0.773450
4.169291	6.788743
4.975623	4.641378
3.747948	4.767474
0.801348	-1.484413
0.769963	0.960578
2.890132	3.133724
4.495772	4.810566
-1.683927	2.909681
1.097383	-2.123995
4.239560	7.728911
5.096047	6.707990
4.930430	5.165587
-1.874647	0.926930
4.436603	2.970391
4.569213	6.161508
3.707510	2.979745
-3.275459	2.658159
-2.227646	1.445885
0.883722	-2.944397
2.435477	2.309231
0.223237	-0.154944
4.288549	6.775568
-0.038899	-0.747690
4.186466	3.614833
3.930716	2.754204
4.400853	-4.735933
5.219571	2.935016
3.604919	2.869279
3.746751	3.629639
0.905661	-0.535444
0.045832	-0.122095
1.205700	-3.032854
4.058788	5.423998
4.495553	5.788385
4.252644	4.042546
0.189850	-1.368569
5.257888	3.794395
3.104726	4.265657
3.406856	2.825040
5.934731	4.996088
3.159298	4.874541
-0.794224	1.737152
5.164635	2.713383
-1.789357	0.664019
5.001106	4.570347
2.943888	2.594230
1.211960	-0.267985
2.975185	3.805200
5.619654	2.065164
4.982028	3.992150
3.970434	3.328990
3.336319	4.058059
-0.224458	1.982997
3.492279	2.464908
1.179752	-3.362223
-0.428360	0.275930
2.801668	3.715463
4.414952	4.210753
4.834886	3.119940
0.460238	0.202812
3.535460	4.165585
-1.448646	1.022814
1.749522	-1.129954
3.997806	3.568550
2.852563	3.866902
-4.056083	3.161006
4.927661	4.078166
5.586895	4.033511
4.596249	1.197116
-0.342697	0.018401
3.729340	5.297031
3.690045	6.837220
-1.367019	0.898550
-0.484142	-0.163959
1.404805	-1.556620
3.253166	-2.975451
-2.974252	1.976189
1.641514	-1.669766
1.024960	0.131139
-1.898774	2.073430
5.127887	-5.022498
-1.965557	-1.016943
-0.595067	1.860866
2.279827	-2.198991
3.188807	5.632489
1.475015	-0.858719
-1.700027	2.372339
-0.605776	0.296445
1.329383	-0.354987
3.618762	5.071975
3.269171	1.248495
3.996067	5.844562
2.827421	-4.854673
4.028919	3.509989
4.949947	3.128329
-1.921405	2.730678
4.718275	4.068676
1.875762	-2.383947
2.410499	3.008148
4.155936	3.012237
5.523437	4.968754
0.999663	-0.488040
1.412600	0.666461
-2.917696	1.795931
3.796752	4.370718
1.798900	1.673251
5.426383	4.606074
0.664372	-2.120762
4.934795	5.634288
4.666207	2.045558
3.021055	-3.437807
-0.768455	1.012329
4.282402	6.068379
1.435370	-0.945768
3.304465	2.663269
-3.164457	4.003228
0.545868	-0.988714
1.228371	-0.762606
2.646236	-0.600934
1.414661	-1.056104
3.792035	2.478109
-0.441916	-0.014898
3.270108	3.978126
1.935915	-1.424965
-4.125696	2.324099
5.405450	5.807019
2.036642	-0.664592
6.522096	5.100112
0.475629	0.986300
2.803361	-0.352032
1.544016	-0.817417
-3.349900	4.120130
6.331394	1.919621
1.747572	-0.978084
4.031805	4.262203
3.037889	5.989735
0.248615	1.808815
4.058883	5.066485
3.167934	3.558648
2.997006	4.039064
-0.672126	1.089133
5.754442	1.884551
4.962754	5.398339
3.628098	5.407134
-0.725186	0.931556
4.134951	3.208061
4.399615	4.742307
1.417321	-2.586430
2.056776	-2.101686
-0.000639	-0.460637
3.001269	3.661041
4.837984	-0.279670
3.595660	4.589253
4.203353	5.161139
5.441626	4.433915
-2.308589	1.684061
4.164677	6.078245
1.826369	-6.476304
-1.902752	-0.405185
-0.644854	0.670134
2.384969	2.135360
4.635308	5.076706
-0.527580	-1.058295
0.345940	-0.104364
6.559579	4.274684
3.286702	3.522903
5.429122	5.589705
5.323927	0.775537
0.376996	1.555886
7.377783	7.517697
0.339658	0.110674
5.731490	3.986065
-1.913512	-0.011518
1.569153	0.684832
4.577796	3.983276
6.318091	3.594809
5.051888	6.050201
-0.951948	3.463530
4.709054	3.363995
3.412703	4.650404
4.915548	7.073605
0.042923	0.138283
-0.537864	-1.127135
5.104417	4.190529
1.422014	-2.054900
-3.194735	2.737323
3.571581	4.889725
0.202258	-2.114277
4.515719	5.400299
6.210972	5.021996
-1.455678	-0.611280
-0.965356	0.447219
5.750798	3.226179
-0.804291	0.483065
-0.300843	0.640634
-0.281355	-0.769724
4.552220	4.814374
0.971625	-0.005770
3.289362	3.606445
7.008126	6.261587
-1.022765	2.262396
4.789830	3.788611
-1.263321	0.287976
1.196464	-2.271201
-0.802892	0.560187
-0.659403	0.683135
3.117229	-1.946325
1.442682	-1.618288
3.129165	3.075939
3.397765	4.907767
3.557994	5.525448
1.336877	-0.361670
-2.291168	3.699847
1.505748	-3.339038
-1.726836	0.748738
0.199513	0.178349
1.210659	-1.971471
2.690453	-4.284090
5.217964	5.015702
3.166173	3.249715
2.174586	-0.023443
5.788120	6.584990
4.917481	3.775462
4.496396	4.737708
4.925635	3.268095
-1.845558	1.232004
3.664406	2.978546
3.936508	4.164327
2.620826	-5.473122
5.266973	3.260153
-4.267143	2.594710
4.344626	3.565554
3.745323	4.368458
-1.201525	-0.029383
-0.952150	1.306532
4.774156	3.594147
3.088967	2.901902
7.101638	5.617618
3.315563	2.258952
3.987973	5.008093
-0.189265	1.292522
0.854711	-0.135355
2.785563	2.061986
2.306229	5.541952
3.867309	1.943411
1.013391	-3.820313
-1.401863	1.138994
4.231846	3.349476
-3.241432	1.187505
4.133522	3.116543
5.327955	2.657220
-0.304063	0.427198
-2.012635	3.198805
-2.470148	0.997509
-0.298320	0.990128
6.474274	6.018995
-0.620355	0.222597
-0.334011	0.444012
0.619516	0.922056
4.775243	2.940893
4.670316	3.552128
3.389442	3.119941
0.607530	-0.376280
1.436981	-0.572578
-0.131363	0.050221
-3.474617	4.595377
0.759901	-0.749028
-2.344512	2.109169
4.734887	2.617924
3.509175	3.788689
-1.446998	2.272567
-1.453569	-0.245918
3.771547	-4.573629
4.115582	2.638539
-0.293641	-1.713925
5.485642	6.122337
4.632888	3.528886
5.003890	5.236268
2.658536	5.521250
4.730771	5.349617
-0.169470	0.472830
4.412260	3.502110
-0.709571	0.689111
4.920594	2.050644
3.878006	5.009706
2.978547	3.540250
5.482353	-3.264502
-1.164732	1.401076
4.269216	3.225668
5.759510	3.385042
-2.032084	2.420690
5.960588	3.609012
3.671599	3.242432
4.942233	5.030764
5.056578	5.034685
5.860110	1.875554
-1.243944	0.833626
3.296130	-2.884560
5.126301	3.747266
4.000535	5.685142
1.518097	-3.356070
1.066051	-0.244984
-1.131955	1.188114
3.555380	-1.223763
-2.009337	1.844719
3.682102	1.255924
0.997034	-0.211421
-0.194173	1.220472
4.700648	5.886810
-0.892212	-0.309615
4.079313	3.214872
-1.794893	3.169398
-2.820906	0.218791
-1.805406	0.779902
4.177210	5.010610
-0.622440	0.100085
-0.474959	0.290652
4.258941	-4.295569
3.831616	3.810521
-2.195419	4.090582
4.564703	3.990466
5.096028	5.363262
4.508371	3.526945
3.420646	3.920209
0.000410	-0.912865
-2.669456	2.941259
3.735499	1.651051
1.245537	-1.725018
4.583254	1.557201
-2.865696	3.051966
2.568537	3.239950
3.568128	4.904770
-0.919433	0.133896
0.509777	-0.876140
-0.930964	0.970831
3.117244	2.667168
0.935331	-1.104804
4.820864	3.604151
4.194643	3.604067
2.874602	2.586041
4.840943	5.317090
3.839057	-2.858665
2.821694	-1.442532
0.158226	-0.094309
0.481385	-0.603051
0.393548	-0.317977
3.493496	4.617579
4.683073	4.725455
-0.516345	-0.197492
2.954785	5.104461
3.789862	2.663572
-0.486662	-0.523006
4.419569	5.005417
4.378145	4.589647
3.648727	2.991231
-3.483674	2.343072
5.457523	3.970625
5.691495	5.248867
1.264593	-0.383526
0.390226	-0.401460
5.600169	3.766306
-0.506296	2.653265
5.098718	2.453525
3.544623	5.850172
3.392366	3.049783
-0.623150	0.183689
4.253677	4.673667
-1.738847	2.121417
-0.076374	-0.317776
0.475974	0.277671
5.665390	2.856452
2.231844	-2.245289
-0.248890	-0.328431
3.003454	3.351898
0.468828	-0.762814
5.739385	3.974316
0.877789	-0.806113
3.623212	3.637690
4.563653	7.007919
4.075601	3.557912
3.694883	6.352322
5.659774	5.908588
-1.109137	0.791305
5.507474	3.250436
-1.800728	0.565892
-1.875281	2.129069
0.456765	0.063296
6.547038	3.523552
0.890262	-1.413025
4.221365	4.982894
3.117690	4.161380
0.734030	-1.179020
3.390168	-3.615500
5.622671	5.174222
-4.576186	1.554616
0.176554	-0.778900
0.964279	-0.803714
-2.107182	1.330382
1.734616	-2.064077
5.435728	5.415243
3.569839	4.022379
4.192757	3.598142
4.371025	4.161139
-0.053078	2.114763
1.702622	-0.465086
0.171622	-0.894541
0.646373	-0.633147
-0.871164	0.458451
-0.101770	-2.138252
5.449041	3.152578
-1.648293	1.531449
2.479320	-2.433017
4.047369	4.520306
-0.354420	0.117600
3.596628	2.953154
1.702266	0.651003
5.301599	4.412959
3.490634	-3.148858
4.298499	3.421473
2.245896	-3.965425
3.427868	5.903995
-0.462434	1.708079
2.958942	2.634665
3.361633	5.998138
2.227964	0.278620
1.160900	-0.131300
0.643935	-1.097359
0.180137	-0.918150
0.680270	-0.325491
-1.451852	0.531526
1.577402	-1.828598
2.471332	-1.631065
-0.111213	0.134370
-4.036557	2.428092
2.596294	4.081886
-1.488118	-0.585072
0.026031	-1.140850
-4.144855	6.617570
-0.019733	0.262791
0.321811	-0.924320
4.585451	3.724414
3.875438	3.293435
5.589260	4.440121
4.787203	5.817699
-0.394591	0.373102
3.110128	2.946798
5.299695	3.569766
2.433503	5.489417
4.499956	2.330875
-2.743527	2.417245
0.798621	-1.957074
6.064481	3.079203
5.056357	6.509272
0.822922	-1.913215
5.744337	5.529436
4.403362	6.384013
4.484146	4.295464
1.111322	0.427898
3.879958	3.028351
2.588794	1.653801
5.127010	3.730400
2.645001	0.044549
5.000684	3.957801
3.173401	3.385158
5.421641	6.383780
4.198962	7.975106
4.348070	3.084623
3.863134	4.259861
0.973644	-0.062789
-1.848553	1.802182
2.780124	-2.855609
1.041199	-2.040986
2.884440	-4.209138
3.887151	4.753912
3.076015	4.174096
4.800648	2.941225
3.694313	-3.049446
-1.260580	-0.356465
4.934594	4.419099
4.605522	3.343606
-2.836661	1.532086
6.942804	4.133869
2.875829	-3.947492
4.099541	3.212950
5.709856	2.154815
0.577562	-2.063619
1.173405	-1.665925
3.668417	3.443839
0.442070	-0.597334
4.554865	3.638591
3.248482	-1.446885
4.880970	5.834043
2.280230	5.994530
1.212404	-0.262345
-1.839970	2.528280
4.670376	3.345841
0.476673	-0.013960
3.037928	4.150088
5.219061	3.844203
2.649470	-1.070968
0.572344	-0.881869
5.013387	1.765183
2.997692	3.718468
-2.462935	-1.228819
5.035130	3.355442
2.655593	-2.387102
-1.416946	0.157584
4.760468	1.975359
4.799773	2.521586
1.057015	-1.612806
5.213918	5.554002
-3.742110	2.041779
3.563955	4.450400
0.495426	0.898735
3.417163	6.015149
6.066411	3.031699
-3.248631	1.689304
-0.347208	-0.471140
0.583577	-0.625849
4.446340	5.095973
0.727471	1.708213
0.473066	-0.595488
7.068692	2.826132
4.102289	4.280376
0.276798	-0.737730
-1.705367	-0.993674
3.359539	4.559643
0.052415	-0.599720
1.303682	-1.037995
4.356473	3.461828
6.455928	4.398380
-0.724602	0.662979
4.090270	4.809331
-0.666452	2.173331
-0.147893	0.392838
5.727025	4.883743
0.800656	-1.694225
0.161301	-0.599322
5.082811	3.988333
4.109013	2.985532
0.016434	-0.961114
4.695084	6.133750
-1.879533	5.031193
1.384072	-0.907791
-3.088046	3.950596
4.645469	5.653508
2.660651	3.571282
-0.666979	-0.352141
4.028501	5.633224
4.182820	2.855879
3.147791	5.058593
4.691512	3.490555
4.851218	7.807274
3.567412	6.131433
-1.194807	2.466112
0.196648	-0.038050
-0.538704	0.153979
-0.661126	-0.592089
-3.660547	2.576542
4.995151	2.357919
7.059711	2.682532
4.258730	3.781464
0.561488	-0.455424
3.427702	3.902099
4.108368	4.659413
-0.225850	-1.421601
2.937985	-0.978262
-3.152914	1.560712
3.443724	3.240439
-0.530496	-1.139115
3.106076	1.045875
4.470546	4.408874
3.724468	4.750220
-0.215563	-1.562008
1.903959	-0.973859
4.650783	5.238969
-1.962989	0.322912
2.583265	2.385163
2.799858	3.054894
1.096468	0.832275
5.494977	4.184850
5.007636	4.475630
5.068348	2.123524
5.334360	3.429429
3.488073	2.661254
4.709267	-4.201075
-1.012231	2.359479
5.169104	3.955651
6.562606	3.201000
2.760050	1.821617
3.866436	3.829998
4.887897	4.894703
5.844127	3.144443
2.286921	-3.564011
-2.249751	4.612631
4.040546	4.559136
-1.450276	0.114694
3.986220	4.170194
0.223654	-0.027434
6.166288	1.711567
3.931222	-3.764921
0.317521	1.154037
-0.116796	-0.631235
0.164897	-1.464792
4.432682	3.902675
3.947449	6.253746
2.042756	4.400985
4.494597	2.931433
1.888200	-3.089697
3.168587	0.621216
4.477234	3.775931
3.354440	3.681752
5.449692	5.257180
7.460910	1.304742
-2.667130	1.281864
5.852673	6.867818
1.481050	-0.497556
-3.108936	2.632254
3.843431	-3.790017
2.414087	-2.005151
4.338458	5.262222
4.849334	5.844438
-3.841403	2.240610
3.639520	4.266681
-1.896687	2.268894
1.316559	-0.485492
4.690680	4.099303
3.847637	-4.239562
-0.934104	0.503278
2.183447	-4.180897
4.772939	1.031431
0.564816	1.100192
4.497948	3.504407
4.582300	3.502947
7.861846	7.531446
3.972987	3.398549
3.216302	3.728576
-4.353170	4.056471
1.526307	-1.541024
5.973197	3.721791
1.026708	0.522279
4.796900	6.620184
3.912513	0.954178
4.892866	4.341789
-0.024919	0.865329
-0.424499	-0.235898
-2.050617	0.136650
5.488960	4.744615
3.638920	7.608251
5.246933	3.751455
3.965299	2.994149
-1.547005	1.991210
4.404986	1.993052
2.619165	-2.312823
5.232010	6.525094
5.319287	6.005551
4.785092	3.332118
3.965230	7.586257
4.580285	6.128814
1.406407	-2.402078
2.023529	-1.122865
4.334815	5.005466
3.029622	3.396638
2.767328	-2.334008
6.254450	2.905603
5.027778	2.549717
4.842796	4.593208
2.720981	-2.778289
4.629529	3.955862
5.564789	4.041204
5.108363	2.830621
1.389974	-3.055344
-0.871196	-0.402587
4.124631	4.803214
-2.032170	1.771752
1.892952	4.040569
0.141482	1.219992
3.092952	4.008871
4.140870	1.857396
0.670463	0.897767
-3.697895	4.399866
4.786958	4.857357
1.034750	0.393612
1.250106	-2.893066
4.476626	2.197567
0.616872	-0.133550
0.060774	-1.182833
7.227640	3.775491
1.088510	-0.676589
6.081923	4.419738
3.766082	5.904137
0.372539	-0.630685
4.245827	2.748693
-1.065690	0.096725
3.180493	-4.494253
2.304710	-2.117618
4.407694	3.508443
1.660427	-1.909182
4.707577	4.156749
-2.273364	0.325614
3.874160	3.885477
5.688403	1.273816
1.058013	0.312395
4.794149	3.061862
4.208146	4.913894
-0.924715	0.805843
-1.275091	0.251080
4.476408	4.019380
2.132579	-3.845833
-3.080448	2.361317
3.894919	2.530762
4.280882	4.289979
-0.151065	-0.617566
0.490118	-0.121931
5.624234	5.075294
4.683116	4.054324
5.095114	2.240810
3.860943	5.151567
4.284575	6.304689
7.194084	4.929880
2.507210	-2.985469
5.828494	3.593801
4.818032	2.295438
4.661593	5.177732
-0.305665	-0.470610
4.923600	4.861725
6.022686	6.704304
3.490419	4.194529
5.640964	3.524791
-1.261384	1.919077
4.414883	3.139994
-2.767259	-0.601281
-2.507609	0.722541
4.570539	5.648050
-2.748714	3.044742
-1.106915	2.160130
4.928673	3.871566
3.956896	2.315689
-0.227487	-1.375696
4.694243	5.656472
0.234642	1.502774
0.168838	0.125865
3.746077	2.116968
1.112481	0.398225
1.032557	-1.281450
-0.498721	0.797036
4.489974	4.778145
5.317135	6.143260
-0.981193	1.580153
5.299556	2.886503
-0.050577	0.700964
3.326851	-1.386455
6.538691	3.652845
-0.965792	1.642846
1.694998	-0.259944
2.477998	-2.107859
3.640444	3.488540
4.335272	4.692396
-0.225729	-0.160248
3.203400	-3.665252
-0.058603	-0.553655
-1.770026	4.397140
-0.310963	0.829457
-2.406649	2.592427
1.110614	-0.742560
1.700513	-0.660886
0.169109	-1.200516
4.430804	4.572639
5.231847	4.272995
-2.424430	1.929403
5.346408	3.966150
-0.405551	0.626842
5.124599	1.849421
3.662981	5.690153
2.376693	-2.217879
5.424733	4.888665
3.784170	3.317524
5.059287	6.181302
3.176138	-3.094500
-1.888915	0.215687
1.606055	-0.261928
-1.013921	0.932409
3.662691	3.843995
-0.122173	0.300719
6.335851	4.204264
-2.394611	2.250276
-0.314394	0.161089
0.427085	-0.553767
1.467091	-1.766839
-0.209715	-0.832720
-2.940183	4.034065
3.957256	4.448933
1.883763	-3.313833
3.482360	-3.745480
3.562244	5.545860
4.324548	4.581526
3.035917	0.049973
-1.676059	3.594468
4.650299	3.792444
-1.085582	1.775037
5.155735	3.619213
3.324574	4.809969
4.436394	3.471028
5.804712	2.790765
4.829571	3.571606
5.450040	5.156479
3.392976	4.243740
3.396502	4.603741
4.196715	4.475457
-3.649500	5.015164
0.909244	-1.075291
-0.861144	-0.473987
5.032760	6.729673
3.289865	3.804921
5.434301	4.151669
0.932435	-0.274905
-2.331246	2.918795
3.461175	2.842352
3.319304	4.890745
5.005077	4.338254
2.976796	5.975731
1.202317	0.938496
-1.377858	-0.097960
3.093029	4.236207
3.880915	4.140330
-0.539722	1.431011
4.686606	4.807533
5.552927	1.759046
4.665823	3.846232
3.861966	3.773875
-0.271202	1.453101
-0.328624	-0.205467
-1.386738	2.407611
0.062631	-0.498112
-2.584325	1.912128
1.054601	-0.595655
-3.423156	2.749511
-2.990732	3.988681
1.075051	-0.994330
3.821970	4.571387
4.828550	5.030918
3.602944	5.926306
3.700897	2.447526
0.262494	1.283609
-0.602417	0.336792
0.822040	-2.914501
4.453404	3.629833
4.586701	4.391806
3.514472	5.894569
-1.663462	1.243980
-3.357830	3.998295
1.715172	-0.125728
-2.533071	0.783885
3.403415	5.141498
4.359222	5.873291
6.204925	2.038676
2.591769	0.871182
-0.216944	1.315445
-1.269988	2.250092
-0.863254	1.620397
3.848050	3.621158
4.591891	1.398421
-1.529610	0.468611
2.095065	-1.374876
-1.670246	2.511634
-1.562222	1.423930
2.531221	-1.228545
5.535181	5.356568
3.864457	5.981443
4.634997	4.898243
-1.028932	1.411827
0.322206	0.301821
2.936442	-2.360189
-5.489288	5.722992
2.634687	4.181694
0.506292	-0.646070
5.006855	2.837419
3.327147	0.165233
5.431808	3.298877
-0.069757	1.577327
3.714367	4.574793
4.300816	5.703766
-2.955186	2.177087
4.387143	3.372079
-3.857509	2.777403
4.214132	3.781925
-3.314734	4.012662
3.270735	6.584091
3.988512	4.442470
4.562913	4.182196
3.189146	5.592523
-2.258028	2.377047
3.211316	2.699954
5.312419	2.211258
0.702664	-0.421572
5.342437	3.464905
5.013819	3.201252
2.690104	4.713530
-0.643466	-0.465803
3.399815	5.026132
5.988070	2.865836
-0.743961	-0.608768
1.061956	-2.721295
0.885524	-0.883383
1.475041	-0.934195
3.358861	3.543531
4.610339	2.703594
-1.658993	1.108367
0.144613	0.378304
-0.869280	-0.215852
-0.594966	-0.792697
-1.252486	1.257871
4.973708	5.245186
-3.361519	4.062961
4.336985	3.083810
-1.880593	1.047425
3.447553	4.980185
3.469686	1.292257
5.865406	5.020208
2.234293	-1.217523
0.494611	-1.217033
2.115300	-3.900703
-4.185977	2.965048
0.925510	-0.041608
2.976506	5.459711
4.693694	1.613574
-1.474986	1.350565
4.319508	1.457338
0.298325	1.922417
4.522318	4.733801
-0.162614	-1.670495
-2.516854	0.508301
-0.422454	1.254645
6.217331	1.809342
0.591490	-0.643826
4.623790	5.876862
1.037694	-0.438305
6.230498	3.118661
5.086288	1.769408
0.632129	0.245265
4.998453	5.867929
-2.140935	1.407116
5.954070	3.350468
2.726603	3.195802
6.524619	3.015297
4.196347	3.774477
-1.347485	1.853070
1.340935	-0.909083
2.767923	3.924653
3.943153	3.945817
0.351952	-1.788826
0.717336	-1.165134
5.495890	2.029444
3.127225	-0.121822
4.532295	3.242077
-0.106042	1.380937
4.197139	4.775608
5.457806	2.679226
5.157728	3.994196
3.471746	3.956796
0.635828	-1.328514
6.832188	3.042053
5.528385	3.401402
2.065637	0.853133
-0.095253	1.704984
3.737864	3.676238
4.290855	4.297307
-0.496910	0.474411
4.557145	4.989466
4.046300	2.541117
4.176003	3.845808
5.075446	4.296978
3.559521	3.368980
-0.941057	1.968700
3.730957	4.071033
4.153021	4.308972
-1.555018	-0.309486
3.835163	2.298534
6.153445	5.080483
4.710733	1.549815
-1.499287	1.738951
2.539707	5.191246
6.456585	5.352179
0.239141	-2.587593
0.355699	0.278514
5.043528	5.720155
-1.982739	1.760713
3.403194	7.009989
4.377948	-5.625513
4.344069	3.002047
4.519607	3.060724
-0.773025	1.494280
6.149204	5.125412
-0.072479	-0.954934
1.930116	-2.768565
4.630397	4.972875
4.260925	6.045212
1.199551	-3.495748
5.404269	3.865918
3.846881	5.670054
1.010252	-3.028844
5.605298	1.430438
5.358145	2.100746
3.301570	4.794492
-1.528448	-1.309899
3.774480	5.170120
2.953721	4.549319
3.486222	2.936460
2.313497	-2.605174
4.030518	4.023188
5.363157	3.996493
3.467921	3.064415
5.016840	4.773683
4.086844	5.145346
-0.211893	-0.051996
2.905107	2.842384
0.280734	-0.455250
4.896838	1.978633
2.776935	-0.385768
4.664644	5.768575
0.234221	-0.199546
5.072291	2.967312
-3.028846	3.553293
3.101096	-5.541760
3.068627	5.453533
-0.688003	3.138648
3.168850	2.494478
3.965852	4.325482
-0.336744	1.639613
2.777230	-3.193835
1.183140	-1.704366
-2.507489	2.000820
3.819173	3.189304
2.631537	-1.566930
3.475234	-7.586090
0.978502	-0.508352
3.576196	3.778379
3.881424	1.620001
3.649214	4.593828
0.114900	-1.514548
4.521161	3.250772
3.420299	5.682615
1.367269	-0.931106
-4.182584	4.175831
4.433594	5.841081
4.545952	5.077352
0.503281	-1.333165
3.196868	1.889010
1.391741	1.823638
-0.273152	0.144398
2.233688	-0.539789
-1.967739	1.187151
3.597139	3.336130
2.590283	7.073189
1.482519	-2.352587
1.217673	-1.358888
-0.365469	1.540906
-0.351133	-0.573722
-1.994820	3.130977
4.238567	4.090585
4.242419	4.469528
-1.180162	0.437894
5.855418	4.756276
2.194070	-2.009179
0.504615	-2.265062
6.567586	3.396621
0.822135	-1.639255
0.144189	-0.666227
1.275180	-0.614187
-0.301049	-0.735174
0.225558	0.588861
1.890333	-1.127357
4.365088	2.607644
5.212844	2.619080
-0.945166	1.172219
-1.739937	1.075349
4.609966	-6.177603
3.367519	0.933176
-2.311053	-0.709377
4.320632	4.296581
0.298168	-0.607808
3.143764	4.683372
3.558820	5.482876
3.692321	6.174823
-0.784327	0.157127
5.820714	2.581588
-0.959245	-0.937349
-0.353976	2.274024
2.251061	-1.191292
2.747882	-3.636358
1.249960	-1.631566
0.066763	-1.890627
-4.066128	6.425586
0.805358	-1.262752
4.073736	3.738257
-0.103620	-0.423608
5.095996	4.103760
5.179707	3.564568
-0.415698	3.142704
4.535747	5.960309
4.833913	5.557821
5.054222	6.153697
4.375747	2.714549
3.741170	4.469466
-3.307075	1.846531
5.890175	2.758959
1.439186	-0.112818
2.804105	1.155262
0.481906	-1.156208
4.893647	5.478371
-0.014433	-0.010067
5.850243	3.546367
5.016641	7.445185
3.718262	2.395523
-1.341744	2.437639
3.240561	4.315405
4.838892	3.086464
4.129286	5.941947
-4.713748	3.014187
-0.634877	-0.191251
3.533314	4.455979
0.366177	0.590187
6.033211	5.868105
-0.154955	1.495437
3.003321	5.176865
3.819455	3.610716
4.502238	1.724770
4.709826	3.868847
4.321293	5.110618
4.666370	4.297531
4.524492	5.475191
-1.059758	1.394053
6.106769	6.424346
5.078458	4.667714
5.658248	4.749997
1.955273	-1.659436
3.501859	0.425109
-0.527798	0.539018
4.752548	3.255275
5.735880	3.776774
-4.676535	5.438300
-3.332723	0.308055
5.688856	6.110665
2.264888	-1.038030
-2.392803	-0.238055
-1.335261	-0.168616
-1.771443	3.431147
1.740763	-2.656283
0.203784	-2.006876
-2.563440	2.033176
4.903792	3.097046
6.346969	3.851237
5.358583	2.782305
3.894821	2.382053
4.523536	6.541691
5.350512	0.733723
5.607472	2.214890
-1.072121	1.499908
2.491036	2.380392
4.016922	3.963182
1.825263	-1.506810
3.233175	4.900286
-0.112718	-0.246367
4.329866	6.638346
5.157778	6.256319
5.184270	3.231754
0.049459	-1.077516
3.954270	4.215959
5.766925	3.074356
2.934121	4.188874
3.064372	2.800236
2.322084	-2.484858
4.554244	4.244052
1.203256	-1.136575
0.257696	0.019328
6.356581	2.274791
1.058931	-1.157067
0.474216	1.673371
-0.550002	0.515191
5.757947	4.387161
-0.270092	-1.210989
3.762147	4.818103
5.117166	4.030565
1.912129	-2.241615
0.146886	-0.128975
4.305959	3.737324
3.353570	5.243685
5.643592	3.025996
-0.640250	-0.433284
-0.626476	-0.813985
-1.884089	-0.822691
-2.394578	2.582715
2.038042	-3.327356
4.697667	4.555358
0.031686	1.547742
1.227679	-1.896639
-1.200323	0.637537
3.970251	3.692883
4.349902	3.618349
6.315815	3.814707
6.401765	3.236886
-0.884610	1.210341
0.486200	-0.907784
5.244874	3.705322
4.704473	3.707402
-1.373326	1.131826
2.863411	3.704925
0.421152	-0.092568
4.968211	1.518724
-0.007091	-0.013458
6.225776	2.862911
-2.295195	3.288483
3.031835	4.656982
-1.746221	2.853471
2.840267	-1.448029
4.622810	2.598981
3.450440	3.972850
4.153209	5.327097
2.081591	-2.309477
5.822992	4.027314
3.752130	-2.856479
-0.995342	1.823968
-1.043698	2.068045
4.799605	3.725316
3.281062	4.423528
-1.977009	2.272403
2.904222	2.617005
4.700827	5.953302
-0.558194	3.118486
2.898497	1.239813
1.892564	-0.309878
5.521490	3.727724
2.224633	-1.929554
3.828467	3.298370
-2.079835	3.438836
6.161643	2.978251
2.100891	-2.219518
4.625093	3.588592
4.285080	4.709472
6.360397	4.600730
-2.627650	0.436893
4.527894	1.215512
5.185664	6.383783
3.869660	9.135962
-1.509744	0.764944
5.743887	4.216658
4.676835	2.970704
4.105863	4.959685
-3.569309	3.754042
-1.273088	1.726331
3.778549	3.306102
4.303509	3.663778
4.702611	-4.525465
2.561169	-4.845518
5.928777	5.381773
4.591896	4.246810
3.297786	-2.013414
3.647025	4.895009
0.719082	-2.810598
0.241717	-1.742812
2.758520	2.042698
2.928689	7.067427
2.042263	-1.456554
3.136269	4.293139
-4.968021	5.317704
0.367878	0.080809
0.062535	0.522894
1.192846	-0.215794
0.127288	-0.315312
5.936679	6.530978
5.349818	2.473592
3.846160	3.992811
3.137924	6.046191
4.348043	3.163617
1.210640	0.271116
3.325576	-3.465601
4.783226	3.787873
0.094736	1.565076
6.326082	4.636194
4.264029	2.974302
2.631243	3.460675
1.317320	1.113419
1.386664	-2.680825
2.648287	2.145277
1.242129	-0.908309
5.294235	4.969512
0.786152	1.130666
5.229898	0.481204
4.604820	4.451446
-1.681110	4.226096
3.079772	3.457791
3.760446	5.214071
3.490726	-3.006919
4.763400	4.218079
4.740445	3.618270
-0.282231	0.799986
-0.841094	1.161585
3.384697	5.079163
4.066501	5.118273
5.224705	4.294308
2.961674	3.832088
2.765016	4.050071
-0.684753	-0.084013
-1.287778	-0.052496
3.521404	4.098274
4.604903	2.315921
0.908688	-0.537579
2.062915	-2.424170
6.278945	4.902108
1.282642	-1.214205
6.002490	5.804155
4.484078	6.325374
-0.927603	-0.095037
5.846693	2.003534
3.963875	3.358025
-0.478391	-0.226261
-2.893507	3.035476
5.988442	5.480893
7.444576	2.674860
-1.553525	0.297182
3.437312	2.863148
-1.603061	1.179505
3.255902	3.819847
4.815431	4.543372
3.706203	3.071488
2.907633	-2.833534
4.227056	4.422982
4.576188	5.918653
4.532250	5.178456
3.453432	4.703588
3.895795	-4.387018
4.737512	3.601730
-2.396617	3.437264
